  0.10000000000000001        4.7689877456879380E-002  -6.2764946792236292E-002
  0.20000000000000001        9.4776454779148325E-002 -0.11092029359731580     
  0.29999999999999999       0.14077738051519678      -0.14494483055078633     
  0.40000000000000002       0.18534932874662075      -0.16668688697424958     
  0.50000000000000000       0.22827041626484845      -0.17882404946995228     
  0.59999999999999998       0.26941515787733000      -0.18382445859363586     
  0.70000000000000007       0.30873004790673675      -0.18378906600041295     
  0.80000000000000004       0.34621268607837602      -0.18037039206517363     
  0.90000000000000002       0.38189518623215668      -0.17481217645405886     
   1.0000000000000000       0.41583163109169941      -0.16801407866135262     
   1.1000000000000001       0.44808895394009135      -0.16060471559101810     
   1.2000000000000000       0.47874054264043148      -0.15300754780562628     
   1.3000000000000000       0.50786191349461163      -0.14549580088250252     
   1.4000000000000001       0.53552790694314156      -0.13823569205448891     
   1.5000000000000000       0.56181097073000474      -0.13131922789956113     
   1.6000000000000001       0.58678019947585325      -0.12478842095610627     
   1.7000000000000000       0.61050088544907555      -0.11865275185170494     
   1.8000000000000000       0.63303440317744064      -0.11290151855142791     
   1.9000000000000001       0.65443830222651078      -0.10751238151955433     
   2.0000000000000000       0.67476652094961009      -0.10245715095282407     
   2.1000000000000001       0.69406966203747866       -9.7705595807621573E-002
   2.2000000000000002       0.71239529081287667       -9.3227853299026983E-002
   2.3000000000000003       0.72978823145209493       -8.8995872704119433E-002
   2.3999999999999999       0.74629084619800656       -8.4984191868423292E-002
   2.5000000000000000       0.76194328941700973       -8.1170275967314590E-002
   2.6000000000000001       0.77678373286888380       -7.7534564539772061E-002
   2.7000000000000002       0.79084856152844818       -7.4060341259415532E-002
   2.8000000000000003       0.80417254113521064       -7.0733502103714166E-002
   2.8999999999999999       0.81678895971324217       -6.7542267564252870E-002
   3.0000000000000000       0.82872974587007298       -6.4476880359741737E-002
   3.1000000000000001       0.84002556687262553       -6.1529303563731499E-002
   3.2000000000000002       0.85070590948698099       -5.8692938303584907E-002
   3.3000000000000003       0.86079914639884680       -5.5962364715720303E-002
   3.3999999999999999       0.87033259079319136       -5.3333113346260251E-002
   3.5000000000000000       0.87933254138128425       -5.0801465650267622E-002
   3.6000000000000001       0.88782431987301924       -4.8364281867405198E-002
   3.7000000000000002       0.89583230261023672       -4.6018859590619209E-002
   3.8000000000000003       0.90337994779026332       -4.3762814084646884E-002
   3.8999999999999999       0.91048981946893648       -4.1593984882834480E-002
   4.0000000000000000       0.91718360929968656       -3.9510355137880426E-002
   4.0999999999999996       0.92348215679256240       -3.7509997290175325E-002
   4.2000000000000002       0.92940546867166007       -3.5591023968351378E-002
   4.2999999999999998       0.93497273779969114       -3.3751557476347366E-002
   4.4000000000000004       0.94020236199541840       -3.1989705508577070E-002
   4.5000000000000000       0.94511196297975053       -3.0303547326392875E-002
   4.6000000000000005       0.94971840560050835       -2.8691123330460699E-002
   4.7000000000000002       0.95403781742928473       -2.7150434540608233E-002
   4.7999999999999998       0.95808560875435911       -2.5679440728305549E-002
   4.9000000000000004       0.96187649297523736       -2.4276065063865027E-002
   5.0000000000000000       0.96542450736316454       -2.2938198786860188E-002
   5.1000000000000005       0.96874303413498908       -2.1663709450296970E-002
   5.2000000000000002       0.97184482176555353       -2.0450448167983068E-002
   5.2999999999999998       0.97474200646703457       -1.9296255327823301E-002
   5.4000000000000004       0.97744613376182332       -1.8198974536111072E-002
   5.5000000000000000       0.97996818004300545       -1.7156454691688014E-002
   5.6000000000000005       0.98231857406858680       -1.6166560057620648E-002
   5.7000000000000002       0.98450721830143706       -1.5227180716472317E-002
   5.7999999999999998       0.98654351001006868       -1.4336231607671739E-002
   5.9000000000000004       0.98843636209578078       -1.3491666604561109E-002
   6.0000000000000000       0.99019422355386644       -1.2691478549945347E-002
   6.1000000000000005       0.99182509953527187       -1.1933705203797917E-002
   6.2000000000000002       0.99333657096365036       -1.1216432451022804E-002
   6.2999999999999998       0.99473581366244956       -1.0537802739678036E-002
   6.4000000000000004       0.99602961694764869       -9.8960047503223233E-003
   6.5000000000000000       0.99722440171173010       -9.2892909296524370E-003
   6.6000000000000005       0.99832623790179031       -8.7159759437945555E-003
   6.7000000000000002       0.99934086140848899       -8.1744153120858875E-003
   6.7999999999999998        1.0002736904421468       -7.6630466324071733E-003
   6.9000000000000004        1.0011298412176877       -7.1803530284048145E-003
   7.0000000000000000        1.0019141430872880       -6.7248848183206304E-003
   7.1000000000000005        1.0026311530641674       -6.2952433308698270E-003
   7.2000000000000002        1.0032851697772771       -5.8901001200066978E-003
   7.2999999999999998        1.0038802467964856       -5.5081725298535833E-003
   7.4000000000000004        1.0044202054281091       -5.1482423115727753E-003
   7.5000000000000000        1.0049086469167785       -4.8091439962755786E-003
   7.6000000000000005        1.0053489641024980       -4.4897634733160278E-003
   7.7000000000000002        1.0057443525527918       -4.1890433658234088E-003
   7.7999999999999998        1.0060978211549569       -3.9059719406316722E-003
   7.9000000000000004        1.0064122022192330       -3.6395916050875506E-003
   8.0000000000000000        1.0066901610786654       -3.3889845452232765E-003
   8.0999999999999996        1.0069342052395793       -3.1532893250796191E-003
   8.1999999999999993        1.0071466930402602       -2.9316742943239463E-003
   8.3000000000000007        1.0073298419247232       -2.7233632283147303E-003
   8.4000000000000004        1.0074857362465066       -2.5276104001761570E-003
   8.5000000000000000        1.0076163347041265       -2.3437136691136307E-003
   8.5999999999999996        1.0077234773778780       -2.1710052443549019E-003
   8.7000000000000011        1.0078088924036956       -2.0088541138410486E-003
   8.8000000000000007        1.0078742022913438       -1.8566612019276748E-003
   8.9000000000000004        1.0079209299125911       -1.7138609190159677E-003
   9.0000000000000000        1.0079505041646621       -1.5799166277174889E-003
   9.0999999999999996        1.0079642653345073       -1.4543219056351907E-003
   9.2000000000000011        1.0079634701686009       -1.3365972007302919E-003
   9.3000000000000007        1.0079492966695680       -1.2262891672978353E-003
   9.4000000000000004        1.0079228486322427       -1.1229691055453927E-003
   9.5000000000000000        1.0078851599302940       -1.0262331845152192E-003
   9.5999999999999996        1.0078371985622152       -9.3569783450441456E-004
   9.7000000000000011        1.0077798704833056       -8.5100197590945871E-004
   9.8000000000000007        1.0077140232182895       -7.7180592579388359E-004
   9.9000000000000004        1.0076404492696385       -6.9778450186231723E-004
   10.000000000000000        1.0075598893513895       -6.2863782550699352E-004
   10.100000000000000        1.0074730354154462       -5.6407481272799918E-004
   10.200000000000001        1.0073805335392065       -5.0382710138300647E-004
   10.300000000000001        1.0072829866264761       -4.4763867621596548E-004
   10.400000000000000        1.0071809569646706       -3.9526763878440448E-004
   10.500000000000000        1.0070749686417160       -3.4648745811004608E-004
   10.600000000000000        1.0069655098186201       -3.0108261353572281E-004
   10.700000000000001        1.0068530348785381       -2.5885227944505424E-004
   10.800000000000001        1.0067379664469172       -2.1960319200147011E-004
   10.900000000000000        1.0066206973097005       -1.8315831000281823E-004
   11.000000000000000        1.0065015922032265       -1.4934512236194932E-004
   11.100000000000000        1.0063809895213336       -1.1800645195370235E-004
   11.200000000000001        1.0062592029068191       -8.8988642719382472E-005
   11.300000000000001        1.0061365227702197       -6.2152228162963333E-005
   11.400000000000000        1.0060132177018766       -3.7361490840863251E-005
   11.500000000000000        1.0058895358187578       -1.4490673836268069E-005
   11.600000000000000        1.0057657060259957        6.5784001327115124E-006
   11.700000000000001        1.0056419392032361        2.5959074834111056E-005
   11.800000000000001        1.0055184293339117        4.3757361647093140E-005
   11.900000000000000        1.0053953545599539        6.0068698552120365E-005
   12.000000000000000        1.0052728781627773        7.4993912885812697E-005
   12.100000000000000        1.0051511495290784        8.8613736453888880E-005
   12.200000000000001        1.0050303050043234        1.0101650773278076E-004
   12.300000000000001        1.0049104687453954        1.1227972871143146E-004
   12.400000000000000        1.0047917535005606        1.2247303341976693E-004
   12.500000000000000        1.0046742613293158        1.3167229158676227E-004
   12.600000000000000        1.0045580843272193        1.3993928918480249E-004
   12.700000000000001        1.0044433052600337        1.4733149823956698E-004
   12.800000000000001        1.0043299981606943        1.5391542562264162E-004
   12.900000000000000        1.0042182289568999        1.5974412621702565E-004
   13.000000000000000        1.0041080559998208        1.6485609866042115E-004
   13.100000000000000        1.0039995305300571        1.6932386841685696E-004
   13.200000000000001        1.0038926972355298        1.7315356950041791E-004
   13.300000000000001        1.0037875945755212        1.7644256486270586E-004
   13.400000000000000        1.0036842554266312        1.7918284213006727E-004
   13.500000000000000        1.0035827072956807        1.8143683032421343E-004
   13.600000000000000        1.0034829727598302        1.8322689663158819E-004
   13.700000000000001        1.0033850697987936        1.8460047143967930E-004
   13.800000000000001        1.0032890121792339        1.8557610378353844E-004
   13.900000000000000        1.0031948097207215        1.8619174176186771E-004
   14.000000000000000        1.0031024686135357        1.8646772514481014E-004
   14.100000000000000        1.0030119916748124        1.8643843514945928E-004
   14.200000000000001        1.0029233786392755        1.8612044613483802E-004
   14.300000000000001        1.0028366263724402        1.8554100125046959E-004
   14.400000000000000        1.0027517291130619        1.8472002304800757E-004
   14.500000000000000        1.0026686786873487        1.8367910562288659E-004
   14.600000000000000        1.0025874647097268        1.8243240928522236E-004
   14.700000000000001        1.0025080747574946        1.8100649100814354E-004
   14.800000000000001        1.0024304945835834        1.7940861927086006E-004
   14.900000000000000        1.0023547082393469        1.7765683678903061E-004
   15.000000000000000        1.0022806982431631        1.7577286516371447E-004
   15.100000000000000        1.0022084457578229        1.7375820867127556E-004
   15.200000000000001        1.0021379306741438        1.7163529687550270E-004
   15.300000000000001        1.0020691317755022        1.6941162627482492E-004
   15.400000000000000        1.0020020268431937        1.6709799794818064E-004
   15.500000000000000        1.0019365927630894        1.6470770442231439E-004
   15.600000000000000        1.0018728056435646        1.6224753204523306E-004
   15.700000000000001        1.0018106408978606        1.5972645990265457E-004
   15.800000000000001        1.0017500733353673        1.5715655469008757E-004
   15.900000000000000        1.0016910772628884        1.5454133007448764E-004
   16.000000000000000        1.0016336265402548        1.5188803213199545E-004
   16.100000000000001        1.0015776946559887        1.4920956191024623E-004
   16.199999999999999        1.0015232548211230        1.4650336051117406E-004
   16.300000000000001        1.0014702799952568        1.4378239571388176E-004
   16.399999999999999        1.0014187429717141        1.4104845068596184E-004
   16.500000000000000        1.0013686164182030        1.3830582053919670E-004
   16.600000000000001        1.0013198729270669        1.3556569219983874E-004
   16.699999999999999        1.0012724850824373        1.3281931449121644E-004
   16.800000000000001        1.0012264254556624        1.3008776272374173E-004
   16.899999999999999        1.0011816667109426        1.2735886759274057E-004
   17.000000000000000        1.0011381815793172        1.2464462363230328E-004
   17.100000000000001        1.0010959429240160        1.2194843237227784E-004
   17.199999999999999        1.0010549237777269        1.1926705407528357E-004
   17.300000000000001        1.0010150973415395        1.1660941240378790E-004
   17.400000000000002        1.0009764370384286        1.1397514223754801E-004
   17.500000000000000        1.0009389165257065        1.1136425188788864E-004
   17.600000000000001        1.0009025097064825        1.0878394906528156E-004
   17.699999999999999        1.0008671907717919        1.0623067185793653E-004
   17.800000000000001        1.0008329341951214        1.0370817563613928E-004
   17.900000000000002        1.0007997147587382        1.0122079792217084E-004
   18.000000000000000        1.0007675075796458        9.8763007201119681E-005
   18.100000000000001        1.0007362880891180        9.6340311968663389E-005
   18.199999999999999        1.0007060320705763        9.3958936639280849E-005
   18.300000000000001        1.0006767156850176        9.1603731261020213E-005
   18.400000000000002        1.0006483154125296        8.9293980758768253E-005
   18.500000000000000        1.0006208081420993        8.7021580283507612E-005
   18.600000000000001        1.0005941711326449        8.4776283677315324E-005
   18.699999999999999        1.0005683819870856        8.2591622062245799E-005
   18.800000000000001        1.0005434187744180        8.0416963055186986E-005
   18.900000000000002        1.0005192598455448        7.8310802388973177E-005
   19.000000000000000        1.0004958840548550        7.6222737436430107E-005
   19.100000000000001        1.0004732705707475        7.4182197247352121E-005
   19.199999999999999        1.0004513989776891        7.2183102996883601E-005
   19.300000000000001        1.0004302492789214        7.0221965239211290E-005
   19.400000000000002        1.0004098018592968        6.8296521882913307E-005
   19.500000000000000        1.0003900374691419        6.6409629018869605E-005
   19.600000000000001        1.0003709372873419        6.4589975032116340E-005
   19.699999999999999        1.0003524829514872        6.2738037953420878E-005
   19.800000000000001        1.0003346561796547        6.0996286537065312E-005
   19.900000000000002        1.0003174394691627        5.9313620231755027E-005
   20.000000000000000        1.0003008157497091        5.7543855499312858E-005
   20.100000000000001        1.0002847677554796        5.5946092268041111E-005
   20.199999999999999        1.0002692791569208        5.4309177832576103E-005
   20.300000000000001        1.0002543337526675        5.2733779723353800E-005
   20.400000000000002        1.0002399157517765        5.1197720663563057E-005
   20.500000000000000        1.0002260097720859        4.9688057818497788E-005
   20.600000000000001        1.0002126007386820        4.8217820135326353E-005
   20.699999999999999        1.0001996739499699        4.6787476681031843E-005
   20.800000000000001        1.0001872150728686        4.5379239615328840E-005
   20.900000000000002        1.0001752100770829        4.4024354243413002E-005
   21.000000000000000        1.0001636453423144        4.2679953729746995E-005
   21.100000000000001        1.0001525074949282        4.1388260237101492E-005
   21.199999999999999        1.0001417835694524        4.0120151503272108E-005
   21.300000000000001        1.0001314608926271        3.8880324066727609E-005
   21.400000000000002        1.0001215270890864        3.7682523040583476E-005
   21.500000000000000        1.0001119701450456        3.6505283668010668E-005
   21.600000000000001        1.0001027783155911        3.5365094093125901E-005
   21.699999999999999        1.0000939401772602        3.4249014059448284E-005
   21.800000000000001        1.0000854445931204        3.3171364410247473E-005
   21.900000000000002        1.0000772807453242        3.2107334403306792E-005
   22.000000000000000        1.0000694380480351        3.1089602222313175E-005
   22.100000000000001        1.0000619062645413        3.0082533933245383E-005
   22.199999999999999        1.0000546753706463        2.9114021319840983E-005
   22.300000000000001        1.0000477356534667        2.8167410030953347E-005
   22.400000000000002        1.0000410776481345        2.7243446999472413E-005
   22.500000000000000        1.0000346921352796        2.6354288320437981E-005
   22.600000000000001        1.0000285701867944        2.5478021516386345E-005
   22.699999999999999        1.0000227030725803        2.4634188358196846E-005
   22.800000000000001        1.0000170823362258        2.3811940719436505E-005
   22.900000000000002        1.0000116997563966        2.3011963997752500E-005
   23.000000000000000        1.0000065473348327        2.2235162490582597E-005
   23.100000000000001        1.0000016173017898        2.1480498599114650E-005
   23.199999999999999       0.99999690210857928        2.0746742534074897E-005
   23.300000000000001       0.99999239442166543        2.0036309285330961E-005
   23.400000000000002       0.99998808712833942        1.9344173025445276E-005
   23.500000000000000       0.99998397330888211        1.8671319835031050E-005
   23.600000000000001       0.99998004624470271        1.8023714379857336E-005
   23.699999999999999       0.99997629943619326        1.7387224613028712E-005
   23.800000000000001       0.99997272653834213        1.6773782159345989E-005
   23.900000000000002       0.99996932141474770        1.6182200775382043E-005
   24.000000000000000       0.99996607812651872        1.5598634004261236E-005
   24.100000000000001       0.99996299087150031        1.5043189552242617E-005
   24.199999999999999       0.99996005406600463        1.4498321424052155E-005
   24.300000000000001       0.99995726226809079        1.3968073850212039E-005
   24.400000000000002       0.99995461019177256        1.3462340551114992E-005
   24.500000000000000       0.99995209275059471        1.2963648167099531E-005
   24.600000000000001       0.99994970498151559        1.2486326015771422E-005
   24.699999999999999       0.99994744208906616        1.2017025591870359E-005
   24.800000000000001       0.99994529940520283        1.1570723267909129E-005
   24.900000000000002       0.99994327243904735        1.1130706052695776E-005
   25.000000000000000       0.99994135681520002        1.0711837411944114E-005
   25.100000000000001       0.99993954831530807        1.0296317523328569E-005
   25.199999999999999       0.99993784281709230        9.9038982076627153E-006
   25.300000000000001       0.99993623637492834        9.5217207293505251E-006
   25.400000000000002       0.99993472515837012        9.1445823153640217E-006
   25.500000000000000       0.99993330541975123        8.7867136099324001E-006
   25.600000000000001       0.99993197357348895        8.4439772139323277E-006
   25.699999999999999       0.99993072616824308        8.1019873751336628E-006
   25.800000000000001       0.99992955980334530        7.7722821448749627E-006
   25.900000000000002       0.99992847120055772        7.4661501626654833E-006
   26.000000000000000       0.99992745725475873        7.1573103591700936E-006
   26.100000000000001       0.99992651490350326        6.8613345102196127E-006
   26.199999999999999       0.99992564121045957        6.5922786694867873E-006
   26.300000000000001       0.99992483336111337        6.2757693084281304E-006
   26.400000000000002       0.99992408844752600        6.0660993927922161E-006
   26.500000000000000       0.99992340398596469        5.7310487513777032E-006
   26.600000000000001       0.99992277713555333        5.5763955787447846E-006
   26.699999999999999       0.99992220581070779        5.2787084207694401E-006
   26.800000000000001       0.99992168739845100        5.0563239911591682E-006
   26.900000000000002       0.99992121956531810        4.8434699480960443E-006
   27.000000000000000       0.99992080014391715        4.6168353903935292E-006
   27.100000000000001       0.99992042691636640        4.4054986040064417E-006
   27.199999999999999       0.99992009779081026        4.2223669606536452E-006
   27.300000000000001       0.99991981083079873        4.0043603202556983E-006
   27.400000000000002       0.99991956399939907        3.8373588850354845E-006
   27.500000000000000       0.99991935550680866        3.6494896826527444E-006
   27.600000000000001       0.99991918352761300        3.4727192356724550E-006
   27.699999999999999       0.99991904628801653        3.3033928930395289E-006
   27.800000000000001       0.99991894211759191        3.1552122993596135E-006
   27.900000000000002       0.99991886945845931        2.9825331216234163E-006
   28.000000000000000       0.99991882667972243        2.8428926421121748E-006
   28.100000000000001       0.99991881231659208        2.6952602305912017E-006
   28.199999999999999       0.99991882491807194        2.5548325623295727E-006
   28.300000000000001       0.99991886308149402        2.4225748578377339E-006
   28.400000000000002       0.99991892547596961        2.2935001045345634E-006
   28.500000000000000       0.99991901081239531        2.1685947944823152E-006
   28.600000000000001       0.99991911784150189        2.0477292418258385E-006
   28.699999999999999       0.99991924536933674        1.9397252004379260E-006
   28.800000000000001       0.99991939226838089        1.8160955383919245E-006
   28.900000000000002       0.99991955738365745        1.7256320928240248E-006
   29.000000000000000       0.99991973971691628        1.6121654476203387E-006
   29.100000000000001       0.99991993820205038        1.5168312857107717E-006
   29.199999999999999       0.99992015186334637        1.4262065391820936E-006
   29.300000000000001       0.99992037978193826        1.3327200972163639E-006
   29.400000000000002       0.99992062103479584        1.2434724869190114E-006
   29.500000000000000       0.99992087474507907        1.1678453430698041E-006
   29.600000000000001       0.99992114011344535        1.0799959734828968E-006
   29.699999999999999       0.99992141630407982        1.0055316786314445E-006
   29.800000000000001       0.99992170255959467        9.3680553613557486E-007
   29.900000000000002       0.99992199816883653        8.5948238592211092E-007
   30.000000000000000       0.99992230239558122        7.9576661364573682E-007
   30.100000000000001       0.99992261457889609        7.3139326778214295E-007
   30.200000000000003       0.99992293407528443        6.6650440329738033E-007
   30.300000000000001       0.99992326025379541        6.1186269883220227E-007
   30.400000000000002       0.99992359253947616        5.5034666330550606E-007
   30.500000000000000       0.99992393034830773        5.0064114330183848E-007
   30.600000000000001       0.99992427315826926        4.4776673624417557E-007
   30.700000000000003       0.99992462044623409        3.9509389262147009E-007
   30.800000000000001       0.99992497170022576        3.5147379744190521E-007
   30.900000000000002       0.99992532646631982        3.0627234961951291E-007
   31.000000000000000       0.99992568428996076        2.5796493349507712E-007
   31.100000000000001       0.99992604472303426        2.2752745174446334E-007
   31.200000000000003       0.99992640740013727        1.7834297018404705E-007
   31.300000000000001       0.99992677189070811        1.4718135974021270E-007
   31.400000000000002       0.99992713783580889        1.0564955540911736E-007
   31.500000000000000       0.99992750486647342        8.1558668632888456E-008
   31.600000000000001       0.99992787268297867        3.9620205546767565E-008
   31.700000000000003       0.99992824092583388        1.5770482384191890E-008
   31.800000000000001       0.99992860931490579       -1.4972111829659496E-008
   31.900000000000002       0.99992897756292531       -4.0513470266621684E-008
   32.000000000000000       0.99992934539613665       -7.1858919775162909E-008
   32.100000000000001       0.99992971253211949       -9.0387948936305149E-008
   32.200000000000003       0.99993007875099116       -1.1685598335286720E-007
   32.300000000000004       0.99993044381643237       -1.3424639500393891E-007
   32.399999999999999       0.99993080751156938       -1.6834095868034768E-007
   32.500000000000000       0.99993116957989081       -1.6847911297594722E-007
   32.600000000000001       0.99993152991148782       -1.9977724797630206E-007
   32.700000000000003       0.99993188827211277       -2.1499512645937499E-007
   32.800000000000004       0.99993224448598328       -2.2829491071376339E-007
   32.899999999999999       0.99993259841512039       -2.4266527215184033E-007
   33.000000000000000       0.99993294990180048       -2.6651820934459285E-007
   33.100000000000001       0.99993329876197057       -2.6716789616053743E-007
   33.200000000000003       0.99993364492124037       -2.8535037473624832E-007
   33.300000000000004       0.99993398823218960       -3.0042295253208090E-007
   33.399999999999999       0.99993432855765230       -3.0424972991980781E-007
   33.500000000000000       0.99993466582814894       -3.1555776254481565E-007
   33.600000000000001       0.99993499993298729       -3.3291419453685896E-007
   33.700000000000003       0.99993533074253682       -3.2995875106386855E-007
   33.800000000000004       0.99993565822283492       -3.4480165926480876E-007
   33.899999999999999       0.99993598226903968       -3.5129061767770712E-007
   34.000000000000000       0.99993630280943868       -3.5351932412382509E-007
   34.100000000000001       0.99993661979556536       -3.6719547836977495E-007
   34.200000000000003       0.99993693313721477       -3.6438512771006963E-007
   34.300000000000004       0.99993724281359841       -3.7442346533107877E-007
   34.399999999999999       0.99993754875579577       -3.7843278706075532E-007
   34.500000000000000       0.99993785092037735       -3.7841485188674580E-007
   34.600000000000001       0.99993814928741931       -3.8643157505318197E-007
   34.700000000000003       0.99993844380527996       -3.8536763211556558E-007
   34.800000000000004       0.99993873446217640       -3.8867642548918436E-007
   34.899999999999999       0.99993902122590694       -3.9582620637756771E-007
   35.000000000000000       0.99993930406517162       -3.8269826704793351E-007
   35.100000000000001       0.99993958303740615       -3.9359880975911378E-007
   35.200000000000003       0.99993985804457752       -4.2194439392878574E-007
   35.300000000000004       0.99994012905694030       -3.1550877154454164E-007
   35.399999999999999       0.99994039631545562       -5.6832899294245942E-007
   35.500000000000000       0.99994065891549666       -2.0625982049733013E-007
   35.600000000000001       0.99994091838824772       -4.8300571458595585E-007
   35.700000000000003       0.99994117368905178       -3.6488552720602081E-007
   35.800000000000004       0.99994142506060846       -4.1500059973849144E-007
   35.899999999999999       0.99994167242417631       -3.7990537165721732E-007
   36.000000000000000       0.99994191591103809       -3.9140155400759280E-007
   36.100000000000001       0.99994215549144283       -3.9836264035138306E-007
   36.200000000000003       0.99994239114138439       -3.7342579087599052E-007
   36.300000000000004       0.99994262298122549       -3.9399447055917818E-007
   36.399999999999999       0.99994285093406976       -3.8279442818450381E-007
   36.500000000000000       0.99994307505611857       -3.7330509188805230E-007
   36.600000000000001       0.99994329541200910       -3.8368016874253828E-007
   36.700000000000003       0.99994351196625664       -3.7296003338212402E-007
   36.800000000000004       0.99994372478028282       -3.6861251064079738E-007
   36.899999999999999       0.99994393389677150       -3.7111242308809709E-007
   37.000000000000000       0.99994413931925363       -3.6334172407355288E-007
   37.100000000000001       0.99994434109879471       -3.6128531657118172E-007
   37.200000000000003       0.99994453926263349       -3.6093838551658583E-007
   37.300000000000004       0.99994473383125582       -3.5209101608713608E-007
   37.399999999999999       0.99994492486353492       -3.5250348108143675E-007
   37.500000000000000       0.99994511237980988       -3.4749755229003035E-007
   37.600000000000001       0.99994529641817831       -3.4425022075899714E-007
   37.700000000000003       0.99994547701635461       -3.3961684337323274E-007
   37.800000000000004       0.99994565421371218       -3.3777364838662664E-007
   37.899999999999999       0.99994582804289089       -3.3019587123736810E-007
   38.000000000000000       0.99994599855873223       -3.2944529601415319E-007
   38.100000000000001       0.99994616578314965       -3.2687729142614428E-007
   38.200000000000003       0.99994632974718956       -3.1927205239164284E-007
   38.300000000000004       0.99994649052417672       -3.0826613870745575E-007
   38.400000000000006       0.99994664817540468       -3.2311891699245816E-007
   38.500000000000000       0.99994680265853353       -3.0011766314389720E-007
   38.600000000000001       0.99994695411030443       -2.9522519590264433E-007
   38.700000000000003       0.99994710255733510       -3.2182569388694309E-007
   38.800000000000004       0.99994724790706535       -2.7585227823585154E-007
   38.900000000000006       0.99994739037905178       -3.0141148577981330E-007
   39.000000000000000       0.99994752991699298       -2.7892891603727248E-007
   39.100000000000001       0.99994766661420242       -2.8731190663721460E-007
   39.200000000000003       0.99994780047709575       -2.7241312649852627E-007
   39.300000000000004       0.99994793157763417       -2.8044852759444238E-007
   39.400000000000006       0.99994805991340929       -2.6465074743385799E-007
   39.500000000000000       0.99994818557012144       -2.6838626554486859E-007
   39.600000000000001       0.99994830856745409       -2.5743188702982960E-007
   39.700000000000003       0.99994842896733172       -2.6035920364037226E-007
   39.800000000000004       0.99994854678771816       -2.4882600413665378E-007
   39.900000000000006       0.99994866209761313       -2.5063166863300273E-007
   40.000000000000000       0.99994877491357148       -2.4500928899431981E-007
   40.100000000000001       0.99994888527584080       -2.4154459323585687E-007
   40.200000000000003       0.99994899323938391       -2.2804806865588677E-007
   40.300000000000004       0.99994909887928107       -2.4045069753611849E-007
   40.400000000000006       0.99994920216571159       -2.2222912747338933E-007
   40.500000000000000       0.99994930319173025       -2.2687990718049453E-007
   40.600000000000001       0.99994940197217452       -2.1759587966922450E-007
   40.700000000000003       0.99994949856091453       -2.1775913165572186E-007
   40.800000000000004       0.99994959298155228       -2.1222894567945563E-007
   40.900000000000006       0.99994968528095229       -2.0606773023550024E-007
   41.000000000000000       0.99994977551298814       -2.0391863462182744E-007
   41.100000000000001       0.99994986370353067       -2.0315371592274572E-007
   41.200000000000003       0.99994994987107466       -1.9726562956205246E-007
   41.300000000000004       0.99995003407073102       -1.8851634420537319E-007
   41.400000000000006       0.99995011636469266       -1.9208582150318691E-007
   41.500000000000000       0.99995019675751251       -1.8382544950421641E-007
   41.600000000000001       0.99995027529003067       -1.8879339476572974E-007
   41.700000000000003       0.99995035199412208       -1.5805701743946444E-007
   41.800000000000004       0.99995042698436198       -2.0728943857146068E-007
   41.900000000000006       0.99995050007751718       -1.5103605520108132E-007
   42.000000000000000       0.99995057153497968       -1.6998195606313222E-007
   42.100000000000001       0.99995064133736189       -1.6208429757206236E-007
   42.200000000000003       0.99995070949654585       -1.6759980013195154E-007
   42.300000000000004       0.99995077601347804       -1.5286756930637522E-007
   42.400000000000006       0.99995084096946063       -1.5749967772590461E-007
   42.500000000000000       0.99995090436771039       -1.5177341875576716E-007
   42.600000000000001       0.99995096624543256       -1.4772320288835174E-007
   42.700000000000003       0.99995102664673197       -1.4318742678628166E-007
   42.800000000000004       0.99995108559905688       -1.4891178753253014E-007
   42.900000000000006       0.99995114310309197       -1.3013931592603452E-007
   43.000000000000000       0.99995119925830811       -1.3982231601510858E-007
   43.100000000000001       0.99995125403410323       -1.3822403312717130E-007
   43.200000000000003       0.99995130745416616       -1.2072086738156622E-007
   43.300000000000004       0.99995135961761084       -1.3286344968507453E-007
   43.400000000000006       0.99995141048300906       -1.2665320274174157E-007
   43.500000000000000       0.99995146008845992       -1.1649216054137167E-007
   43.600000000000001       0.99995150850322767       -1.2178801969436444E-007
   43.700000000000003       0.99995155571292893       -1.1939565530456259E-007
   43.800000000000004       0.99995160174899667       -1.0480947330672063E-007
   43.900000000000006       0.99995164667528280       -1.2723541143887535E-007
   44.000000000000000       0.99995169042512877       -9.2112981439021686E-008
   44.100000000000001       0.99995173316117691       -1.1259135688777556E-007
   44.200000000000003       0.99995177481609165       -1.0620163402374011E-007
   44.300000000000004       0.99995181541102229       -9.8592567313188664E-008
   44.400000000000006       0.99995185500608419       -9.9349342737421929E-008
   44.500000000000000       0.99995189360502612       -1.0168204031044985E-007
   44.600000000000001       0.99995193122503345       -8.1283256051726134E-008
   44.700000000000003       0.99995196794948416       -1.1051891279555761E-007
   44.800000000000004       0.99995200368506276       -6.9964349957994302E-008
   44.900000000000006       0.99995203860458426       -9.9257953837540662E-008
   45.000000000000000       0.99995207258509355       -9.6411155487580390E-008
   45.100000000000001       0.99995210561946513       -8.2780058447382927E-008
   45.200000000000003       0.99995213787454951       -4.0040924922901420E-008
   45.300000000000004       0.99995216953350619       -1.1473286351497948E-007
   45.400000000000006       0.99995220022713305       -8.0225510666826002E-008
   45.500000000000000       0.99995223008889333       -6.3485039190549933E-008
   45.600000000000001       0.99995225926011844       -8.0155443325485682E-008
   45.700000000000003       0.99995228767147915       -7.1811823684938159E-008
   45.800000000000004       0.99995231535516627       -6.9201414766170396E-008
   45.900000000000006       0.99995234234741570       -6.6245128181633903E-008
   46.000000000000000       0.99995236867384751       -6.5308646460783163E-008
   46.100000000000001       0.99995239434691563       -6.4538503863728724E-008
   46.200000000000003       0.99995241936527768       -6.9360978367103359E-008
   46.300000000000004       0.99995244372686642       -5.2081564113770477E-008
   46.400000000000006       0.99995246750575328       -7.1933897223092396E-008
   46.500000000000000       0.99995249064062575       -4.6591485412641605E-008
   46.600000000000001       0.99995251324709822       -5.8740155384913994E-008
   46.700000000000003       0.99995253528366101       -6.0393698052376978E-008
   46.800000000000004       0.99995255672772643       -5.5183483098614723E-008
   46.900000000000006       0.99995257763657308       -4.0003624474324585E-008
   47.000000000000000       0.99995259806506176       -7.3016804374328968E-008
   47.100000000000001       0.99995261789198997       -2.8865438892433104E-008
   47.200000000000003       0.99995263731710271       -5.2610721927541272E-008
   47.300000000000004       0.99995265624413687       -5.9538820426274456E-008
   47.400000000000006       0.99995267464686954       -2.3814891034312094E-008
   47.500000000000000       0.99995269269217701       -5.9656735764402045E-008
   47.600000000000001       0.99995271021703136       -4.9830040933656436E-008
   47.700000000000003       0.99995272730439944       -3.5148621610095128E-009
   47.800000000000004       0.99995274413991075       -8.7224565025185716E-008
   47.900000000000006       0.99995276034813629       -2.3958345063735609E-008
   48.000000000000000       0.99995277628691037        2.1387068594750166E-008
   48.100000000000001       0.99995279200232690       -1.9560446212031019E-007
   48.200000000000003       0.99995280688763866        2.6296792226306600E-007
   48.300000000000004       0.99995282207038094       -6.7780891213960821E-007
   48.400000000000006       0.99995283460288542        8.5812504210186141E-007
   48.500000000000000       0.99995285061051598       -6.6961561079225288E-007
   48.600000000000001       0.99995286396521865        2.2858067463972598E-007
   48.700000000000003       0.99995287756315188       -9.8768759677808657E-008
   48.800000000000004       0.99995289078254712       -6.0628423172612243E-008
   48.900000000000006       0.99995290347992671        2.8073060612546873E-008
   49.000000000000000       0.99995291614913284       -6.8567897414294620E-008
   49.100000000000001       0.99995292836553995       -2.5480883256238694E-008
   49.200000000000003       0.99995294029769277       -6.1141625963998725E-011
   49.300000000000004       0.99995295209938606       -5.2550269479587759E-008
   49.400000000000006       0.99995296352637753       -1.4558875529613501E-008
   49.500000000000000       0.99995297474265199       -1.5644428044347695E-008
   49.600000000000001       0.99995298577448855       -3.3526157927234400E-008
   49.700000000000003       0.99995299652483294       -1.9146237994149972E-008
   49.800000000000004       0.99995300705940049       -1.9354994599868288E-008
   49.900000000000006       0.99995301738878040       -2.6546370398136171E-008
   50.000000000000000       0.99995302748595305       -1.3783875862482575E-008
   50.100000000000001       0.99995303741305364       -2.0361366676462280E-008
   50.200000000000003       0.99995304713609634       -2.7205386453511672E-008
   50.300000000000004       0.99995305663034340       -8.0944769653906683E-009
   50.400000000000006       0.99995306598794476       -2.2404122540534081E-008
   50.500000000000000       0.99995307515463328       -1.6836737526993846E-008
   50.600000000000001       0.99995308414331530       -1.7052826410032809E-008
   50.700000000000003       0.99995309295740775       -1.9705695849288444E-008
   50.800000000000004       0.99995310160554041       -3.7002710669802209E-009
   50.900000000000006       0.99995311015943555       -2.2035723895002693E-008
   51.000000000000000       0.99995311852119639       -2.3437418430579962E-008
   51.100000000000001       0.99995312671954006        1.7735096405392199E-008
   51.200000000000003       0.99995313491948257       -4.6543667884331235E-008
   51.300000000000004       0.99995314281705328       -1.2983501429833131E-008
   51.400000000000006       0.99995315061201817        3.6914185962584538E-008
   51.500000000000000       0.99995315851219835       -7.1544073860841618E-008
   51.600000000000001       0.99995316603389062        2.2169364871363216E-008
   51.700000000000003       0.99995317351544855       -4.1213989801966792E-008
   51.800000000000004       0.99995318079812368        2.3356914865470890E-008
   51.900000000000006       0.99995318812781087       -2.4006433113411034E-008
   52.000000000000000       0.99995319532936577       -4.2105519486740633E-009
   52.100000000000001       0.99995320242537156       -2.2480834089630976E-008
   52.200000000000003       0.99995320937163878        4.2907553739461872E-009
   52.300000000000004       0.99995321629953460       -5.7050367061436885E-009
   52.400000000000006       0.99995322316193880       -2.0765575829427757E-008
   52.500000000000000       0.99995322988522306        5.2953773489226444E-009
   52.600000000000001       0.99995323658669277       -1.3504663666302891E-008
   52.700000000000003       0.99995324318992251       -1.0220705711568753E-008
   52.800000000000004       0.99995324971124999        5.2461288628059404E-009
   52.900000000000006       0.99995325622235676       -1.6896237638474434E-008
   53.000000000000000       0.99995326262110873       -5.0740535906384928E-009
   53.100000000000001       0.99995326896325509        3.2290865473946088E-009
   53.200000000000003       0.99995327529198486       -1.5892253296970928E-008
   53.300000000000004       0.99995328151546758       -2.8082933459400456E-009
   53.400000000000006       0.99995328769745484        2.2281424464613012E-009
   53.500000000000000       0.99995329386927045       -1.2207261223849234E-008
   53.600000000000001       0.99995329995302551       -6.2354328582766624E-009
   53.700000000000003       0.99995330598958543        8.8319106443929510E-009
   53.800000000000004       0.99995331205166915       -1.3777926544378899E-008
   53.900000000000006       0.99995331802928011       -4.4038617379980707E-009
   54.000000000000000       0.99995332396843184        8.3178320190007604E-009
   54.100000000000001       0.99995332992899488       -1.6020676040031049E-008
   54.200000000000003       0.99995333580175394        3.0824803587700745E-009
   54.300000000000004       0.99995334167303374        2.8031979101444282E-009
   54.400000000000006       0.99995334754215859       -1.5588237733826226E-008
   54.500000000000000       0.99995335334047475        1.7064537679630079E-008
   54.600000000000001       0.99995335917586381       -3.0426172801826083E-008
   54.700000000000003       0.99995336488659659        2.9846382351202648E-008
   54.800000000000004       0.99995337069314771       -3.1468344651914234E-008
   54.900000000000006       0.99995337639165038        3.1197920815203560E-008
   55.000000000000000       0.99995338220085495       -2.6902203350086566E-008
   55.100000000000001       0.99995338789167942        5.3828424767271721E-009
   55.200000000000003       0.99995339358959234        9.6238980103723614E-009
   55.300000000000004       0.99995339932498850       -2.1388491277162091E-008
   55.400000000000006       0.99995340495833551        1.4700578951925014E-008
   55.500000000000000       0.99995341063044707       -1.4155096253608633E-008
   55.600000000000001       0.99995341626770107        2.1005269293155299E-008
   55.700000000000003       0.99995342199052262       -1.8525449093142141E-008
   55.800000000000004       0.99995342764257078        1.0632494788946755E-008
   55.900000000000006       0.99995343333160358       -1.8137475178058391E-009
   56.000000000000000       0.99995343901575984       -6.3034308854999849E-009
   56.100000000000001       0.99995344465887548        2.4031018492057055E-009
   56.200000000000003       0.99995345032134486        8.3032679879804728E-009
   56.300000000000004       0.99995345602645702       -1.0030506882668820E-008
   56.400000000000006       0.99995346169279764        8.5558346229752650E-009
   56.500000000000000       0.99995346739513680       -2.5937091184320096E-009
   56.600000000000001       0.99995347308659532       -4.7093759878117155E-009
   56.700000000000003       0.99995347875912521        1.0074031208052545E-008
   56.800000000000004       0.99995348448951138       -8.7298364869522603E-010
   56.900000000000006       0.99995349021829072       -7.5461920833956216E-009
   57.000000000000000       0.99995349591535898        1.2031105057862709E-008
   57.100000000000001       0.99995350168171526        9.9458371138229271E-010
   57.200000000000003       0.99995350745479095       -1.1977798216228637E-008
   57.300000000000004       0.99995351317427417        1.4761130873472727E-008
   57.400000000000006       0.99995351898385887        6.9941638209866447E-009
   57.500000000000000       0.99995352482488142       -2.3875074764329425E-008
   57.600000000000001       0.99995353056330272        2.6945378743640584E-008
   57.700000000000003       0.99995353643514706       -3.8526099787717277E-009
   57.800000000000004       0.99995354227572830       -3.0292800758949317E-008
   57.900000000000006       0.99995354803631631        7.7027872459302390E-008
   58.000000000000000       0.99995355398150787       -1.6705655627908562E-007
   58.100000000000001       0.99995355933959384        2.3893500083518710E-007
   58.200000000000003       0.99995356575587602       -1.5376572866105161E-007
   58.300000000000004       0.99995357165196674        6.4013046524365090E-008
   58.400000000000006       0.99995357765026016       -4.0964842983473973E-008
   58.500000000000000       0.99995358353135466        2.9526975067150266E-008
   58.600000000000001       0.99995358953367230       -4.4091717043337400E-009
   58.700000000000003       0.99995359554964347       -3.6981745957121121E-009
   58.800000000000004       0.99995360154511170        6.9001104762055866E-009
   58.900000000000006       0.99995360757825191       -1.2990813195443384E-009
   59.000000000000000       0.99995361362984003        9.3649607220590430E-009
   59.100000000000001       0.99995361973459662       -4.2596797927521527E-009
   59.200000000000003       0.99995362583380976        4.3476856983968886E-009
   59.300000000000004       0.99995363194832942       -3.9471427099135823E-009
   59.400000000000006       0.99995363806884008        1.5035476432546753E-008
   59.500000000000000       0.99995364427119948       -7.0855130201075580E-009
   59.600000000000001       0.99995365045270002        7.9125353562561692E-010
   59.700000000000003       0.99995365664564162        1.0785141065625291E-008
   59.800000000000004       0.99995366290367460       -4.8769917582976674E-009
   59.900000000000006       0.99995366915297823        3.4852156221333236E-009
   60.000000000000000       0.99995367542817648        6.4729011390840509E-009
   60.100000000000001       0.99995368175023414       -1.2611770317618205E-009
   60.200000000000003       0.99995368808187657        4.3226734376794891E-009
   60.300000000000004       0.99995369443925319       -5.8900118614002222E-010
   60.400000000000006       0.99995370080791601        4.8050478277396757E-009
   60.500000000000000       0.99995370721479682        4.2996004751277548E-009
   60.600000000000001       0.99995371364902064       -5.5976396847162202E-009
   60.700000000000003       0.99995372006370153        6.3652045623957499E-009
   60.800000000000004       0.99995372653749870        1.5606581897224309E-008
   60.900000000000006       0.99995373308395741       -2.5194606082037680E-008
   61.000000000000000       0.99995373951185829        1.4037144299285751E-008
   61.100000000000001       0.99995374603971388        2.9018855589398701E-008
   61.200000000000003       0.99995375283620136        3.1066570047107537E-008
   61.300000000000004       0.99995375969413158       -1.1641949190687658E-007
   61.400000000000006       0.99995376594823571        7.2315737441397970E-008
   61.500000000000000       0.99995377254285545        3.1465911564189423E-008
   61.600000000000001       0.99995377935636676       -6.6844440777373097E-008
   61.700000000000003       0.99995378587019312        5.6100885428674269E-008
   61.800000000000004       0.99995379261093742       -2.1408343602353450E-008
   61.900000000000006       0.99995379932777628        1.5189229067620928E-008
   62.000000000000000       0.99995380609774676       -7.4696065342935983E-009
   62.100000000000001       0.99995381289212226        2.9332217199031819E-008
   62.200000000000003       0.99995381980188780       -4.0625243743619359E-008
   62.300000000000004       0.99995382654403664        3.2598738796108482E-008
   62.400000000000006       0.99995383342243460       -8.0202375838438123E-009
   62.500000000000000       0.99995384030424594        1.5302399530855527E-009
   62.600000000000001       0.99995384719655067        8.1953081349356230E-009
   62.700000000000003       0.99995385415427951        4.9429938512891582E-009
   62.800000000000004       0.99995386113782059       -1.2479938800097450E-008
   62.900000000000006       0.99995386807609832        1.7818752174247154E-008
   63.000000000000000       0.99995387510110390       -6.7583616208978773E-009
   63.100000000000001       0.99995388211991953        5.5007318381482816E-009
   63.200000000000003       0.99995388917143002        4.3723423662339433E-009
   63.300000000000004       0.99995389625868103       -1.5457883110815782E-009
   63.400000000000006       0.99995390335474366        7.0977817391992596E-009
   63.500000000000000       0.99995391049763660        1.2528517956176122E-009
   63.600000000000001       0.99995391765241737       -4.9764944868882648E-009
   63.700000000000003       0.99995392479983991        1.4238191067750620E-008
   63.800000000000004       0.99995393201974614       -8.4860583519866796E-009
   63.900000000000006       0.99995393921450593        4.6181780489227106E-009
   64.000000000000000       0.99995394644743818        1.2916825269872815E-008
   64.100000000000009       0.99995395375851348       -9.3996505760896257E-009
   64.200000000000003       0.99995396100255296       -1.5539715767922344E-008
   64.299999999999997       0.99995396827678418        8.9673556446919164E-008
   64.400000000000006       0.99995397592815860       -1.1686858668776421E-007
   64.500000000000000       0.99995398304405303        5.6512794096987991E-008
   64.600000000000009       0.99995399039338939        3.0882569769918139E-008
   64.700000000000003       0.99995399792463580       -7.0897047625139923E-008
   64.799999999999997       0.99995400515454402        7.1902714750406539E-008
   64.900000000000006       0.99995401267883977       -4.0081302757688756E-008
   65.000000000000000       0.99995402010553991        2.9865137319220933E-008
   65.100000000000009       0.99995402763891184       -1.5376177008904393E-008
   65.200000000000003       0.99995403512937320        5.8932323224528324E-009
   65.299999999999997       0.99995404264266619        5.5022230065629653E-009
   65.400000000000006       0.99995405020990169        4.4633859225099069E-009
   65.500000000000000       0.99995405780776014       -4.9819975231602229E-009
   65.600000000000009       0.99995406538682585        4.1889570867867549E-009
   65.700000000000003       0.99995407300081840        9.1822726958152122E-009
   65.799999999999997       0.99995408067005231       -7.7732276482797871E-009
   65.900000000000006       0.99995408831272248        5.9723871774361538E-009
   66.000000000000000       0.99995409598816942        3.5497477126491108E-009
   66.100000000000009       0.99995410369893822        1.0217359017618306E-009
   66.200000000000003       0.99995411141960944       -1.6952439849150913E-009
   66.299999999999997       0.99995411915066246        1.1988323953242269E-008
   66.400000000000006       0.99995412694498564       -8.2959516986429322E-009
   66.500000000000000       0.99995413472150396        1.0512561627682227E-008
   66.600000000000009       0.99995414254826698       -3.6074764377646212E-009
   66.700000000000003       0.99995415036937429        5.2392524481535032E-010
   66.799999999999997       0.99995415820167943        8.2304677277066761E-009
   66.900000000000006       0.99995416608285270       -4.1249170982644342E-009
   67.000000000000000       0.99995417395776587        4.5131385380318057E-009
   67.100000000000009       0.99995418186953389        8.1852744473551702E-009
   67.200000000000003       0.99995418982864248       -8.8498907844783989E-009
   67.299999999999997       0.99995419774009486       -1.3794386952842193E-009
   67.400000000000006       0.99995420568024884        3.1588603557882794E-008
   67.500000000000000       0.99995421378382765       -2.6920078000673398E-008
   67.600000000000009       0.99995422176804527        4.4749958838441128E-009
   67.700000000000003       0.99995422974297332        3.4463529976120813E-009
   67.799999999999997       0.99995423777834136        1.8003583935159936E-008
   67.900000000000006       0.99995424588719650       -3.1368425565015776E-008
   68.000000000000000       0.99995425387853998        3.6963118087341110E-008
   68.100000000000009       0.99995426204671312       -1.0386249570553409E-008
   68.200000000000003       0.99995427019342253       -8.2963516187188192E-009
   68.299999999999997       0.99995427827587291        5.0162305265305467E-009
   68.400000000000006       0.99995428642318895        2.7150830547187798E-008
   68.500000000000000       0.99995429469263319       -4.0342634847738104E-008
   68.600000000000009       0.99995430278569364        2.8389430968595776E-008
   68.700000000000003       0.99995431099550469       -3.1647235177263305E-009
   68.799999999999997       0.99995431922971689       -1.0898482362729493E-009
   68.900000000000006       0.99995432746112523        5.8417955129010327E-009
   69.000000000000000       0.99995433573761061        4.7688981061070349E-009
   69.100000000000009       0.99995434403298245       -1.3585519161368869E-008
   69.200000000000003       0.99995435228258156        2.2109547171001730E-008
   69.299999999999997       0.99995436063329146       -1.4186197676525897E-008
   69.400000000000006       0.99995436893794187        6.9995498009635134E-009
   69.500000000000000       0.99995437727853342        7.7526818457148640E-009
   69.600000000000009       0.99995438567989747       -1.5467782975629007E-009
   69.700000000000003       0.99995439407072573       -7.8870453302014917E-009
   69.799999999999997       0.99995440243856115        1.9299261700993618E-008
   69.900000000000006       0.99995441090285242       -1.1436495486975684E-008
   70.000000000000000       0.99995441932744034        2.6247092171675090E-009
   71.000000000000000       0.99995450456821244        1.3386469457290245E-009
   72.000000000000000       0.99995459139810761        1.5554413321228090E-009
   73.000000000000000       0.99995467972878926        1.4443066962531305E-009
   74.000000000000000       0.99995476951290729        1.3879501104070012E-009
   75.000000000000000       0.99995486068822104        1.3510671472248728E-009
   76.000000000000000       0.99995495320843331        1.2771724559677843E-009
   77.000000000000000       0.99995504701719451        1.2715366342215374E-009
   78.000000000000000       0.99995514207885949        1.1541036914904766E-009
   79.000000000000000       0.99995523834834987        1.3590009713478357E-009
   80.000000000000000       0.99995533589806218        1.0912239939261510E-009
   81.000000000000000       0.99995543459921166        1.1847260599545689E-009
   82.000000000000000       0.99995553446647789        1.1665723185197750E-009
   83.000000000000000       0.99995563549874655        1.1389992331316344E-009
   84.000000000000000       0.99995573767491330        1.1408192731345791E-009
   85.000000000000000       0.99995584098473678        1.0996640186331974E-009
   86.000000000000000       0.99995594541264365        1.1690250741696481E-009
   87.000000000000000       0.99995605098434204        1.0869847204069171E-009
   88.000000000000000       0.99995615765986556        1.1059868986095789E-009
   89.000000000000000       0.99995626544147764        1.1255990096434815E-009
   90.000000000000000       0.99995637433773943        1.0795152980301471E-009
   91.000000000000000       0.99995648432654283        1.1115894746457875E-009
   92.000000000000000       0.99995659541757087        1.0874746727197993E-009
   93.000000000000000       0.99995670760123123        1.0943057422115438E-009
   94.000000000000000       0.99995682087553805        1.0791811306256716E-009
   95.000000000000000       0.99995693523224849        1.0833914023994396E-009
   96.000000000000000       0.99995705066931362        1.0693814273385657E-009
   97.000000000000000       0.99995716718654559        1.1200839573936939E-009
   98.000000000000000       0.99995728479690527        1.0090489399047141E-009
   99.000000000000000       0.99995740346546202        1.1929027960642618E-009
   100.00000000000000       0.99995752321921827        7.3053679080939004E-010
   101.00000000000000       0.99995764391331121        1.5269702250802684E-009
   102.00000000000000       0.99995776587489171        7.6650766498898900E-010
   103.00000000000000       0.99995788879440139        1.1545741975013132E-009
   104.00000000000000       0.99995801278507468        1.0421771585777831E-009
   105.00000000000000       0.99995813782891829        9.9573914053279428E-010
   106.00000000000000       0.99995826389422193        1.1036264453264028E-009
   107.00000000000000       0.99995839102815343        1.0015221954041561E-009
   108.00000000000000       0.99995851918841849        1.0482862151595175E-009
   109.00000000000000       0.99995864838557025        1.0266530696899504E-009
   110.00000000000000       0.99995877861404270        1.0330256791429235E-009
   111.00000000000000       0.99995890987792690        1.0537147517412457E-009
   112.00000000000000       0.99995904217566112        9.5521534752254165E-010
   113.00000000000000       0.99995917546145008        1.0537523529439022E-009
   114.00000000000000       0.99995930977845637        1.0170792431825361E-009
   115.00000000000000       0.99995944511420687        9.9039587498428723E-010
   116.00000000000000       0.99995958144600172        9.9760340550210392E-010
   117.00000000000000       0.99995971877850853        1.0234622494698616E-009
   118.00000000000000       0.99995985712107360        9.6889715214403990E-010
   119.00000000000000       0.99995999644896727        1.0129207209074911E-009
   120.00000000000000       0.99996013677218409        9.5135890758700519E-010
   121.00000000000000       0.99996027806848242        1.0201326743225301E-009
   122.00000000000000       0.99996042036211774        9.5213233975009031E-010
   123.00000000000000       0.99996056361419927        9.2201523439005321E-010
   124.00000000000000       0.99996070784171642        1.2124204496762297E-009
   125.00000000000000       0.99996085303699300        3.4859535804196352E-011
   126.00000000000000       0.99996099886223466        2.4279318877139332E-009
   127.00000000000000       0.99996114632116617        5.5552013741134394E-011
   128.00000000000000       0.99996129441016579        1.1302687101085889E-009
   129.00000000000000       0.99996144341318816        9.0750962409768160E-010
   130.00000000000000       0.99996159337464552        9.9030278169833741E-010
   131.00000000000000       0.99996174429043716        8.5728491872408823E-010
   132.00000000000000       0.99996189611902964        1.0573625529130662E-009
   133.00000000000000       0.99996204892431062        7.7339591670991730E-010
   134.00000000000000       0.99996220258811075        1.0001686482322940E-009
   135.00000000000000       0.99996235719522086        8.8578940443648914E-010
   136.00000000000000       0.99996251271588388        9.3799113399079289E-010
   137.00000000000000       0.99996266915985133        9.0207265705633854E-010
   138.00000000000000       0.99996282650980495        8.8963528760689974E-010
   139.00000000000000       0.99996298474999212        8.8078751376211543E-010
   140.00000000000000       0.99996314387865104        9.1804510108402561E-010
   141.00000000000000       0.99996330391226962        8.7679005847341821E-010
   142.00000000000000       0.99996346483212806        8.9223382068326523E-010
   143.00000000000000       0.99996362663525862        8.5390739145173129E-010
   144.00000000000000       0.99996378930312169        8.8053166043872740E-010
   145.00000000000000       0.99996395284803274        8.8625390552764821E-010
   146.00000000000000       0.99996411727127676        8.4445048895717601E-010
   147.00000000000000       0.99996428254364678        8.3070008909581551E-010
   148.00000000000000       0.99996444866018497        8.9775823347913291E-010
   149.00000000000000       0.99996461563562322        7.3166735009117557E-010
   150.00000000000000       0.99996478346530815        1.3010524065472044E-009
   151.00000000000000       0.99996495229142690        4.2725969764027741E-011
   152.00000000000000       0.99996512159682127        1.4036974295475458E-009
   153.00000000000000       0.99996529196312489        7.0793980808374173E-010
   154.00000000000000       0.99996546312612966        5.4475023509904115E-010
   155.00000000000000       0.99996563498331048        1.2781155513741800E-009
   156.00000000000000       0.99996580787206713        5.3224250797283460E-010
   157.00000000000000       0.99996598148008897        9.0850563445288847E-010
   158.00000000000000       0.99996615590042615        7.0762691090713481E-010
   159.00000000000000       0.99996633108664379        8.5626954284804137E-010
   160.00000000000000       0.99996650708554624        7.4340376772779408E-010
   161.00000000000000       0.99996668386060761        8.2706887574212946E-010
   162.00000000000000       0.99996686143690794        7.5575451369654363E-010
   163.00000000000000       0.99996703977871249        7.4293836290289260E-010
   164.00000000000000       0.99996721889804763        9.3767560747477982E-010
   165.00000000000000       0.99996739876632290        0.0000000000000000     
