  0.10000000000000001       -4.7903913450794609E-002  -5.7790941990645016E-002
  0.20000000000000001       -9.6334398674236779E-002  -8.4779295625956236E-002
  0.29999999999999999      -0.14559010305700140       -9.8223371099009416E-002
  0.40000000000000002      -0.19581133525362268      -0.10164390829198165     
  0.50000000000000000      -0.24703917367234401       -9.9164728993119566E-002
  0.59999999999999998      -0.29925252380874207       -9.3004206341567752E-002
  0.70000000000000007      -0.35239248071025892       -8.4782504711854847E-002
  0.80000000000000004      -0.40637856104394965       -7.5539834115376445E-002
  0.90000000000000002      -0.46111949070751967       -6.5967756754214887E-002
   1.0000000000000000      -0.51652028224535140       -5.6506263424785541E-002
   1.1000000000000001      -0.57248677370081757       -4.7427140127275606E-002
   1.2000000000000000      -0.62892843572253576       -3.8887515817394039E-002
   1.3000000000000000      -0.68576000666970183       -3.0968151871795992E-002
   1.4000000000000001      -0.74290234382495024       -2.3699601544830032E-002
   1.5000000000000000      -0.80028275898314138       -1.7080243714603077E-002
   1.6000000000000001      -0.85783502269777112       -1.1088557459832889E-002
   1.7000000000000000      -0.91549916286033273       -5.6913952052667213E-003
   1.8000000000000000      -0.97322114242901658       -8.4950539237085452E-004
   1.9000000000000001       -1.0309524729251844        3.4788602843516003E-003
   2.0000000000000000       -1.0886498007950671        7.3356400259852192E-003
   2.1000000000000001       -1.1462744904117077        1.0761531557052090E-002
   2.2000000000000002       -1.2037922184750660        1.3795165715168286E-002
   2.3000000000000003       -1.2611725884445131        1.6472661929021089E-002
   2.3999999999999999       -1.3183887696371381        1.8827452661797382E-002
   2.5000000000000000       -1.3754171629476826        2.0890256672318093E-002
   2.6000000000000001       -1.4322370935123165        2.2689168195209070E-002
   2.7000000000000002       -1.4888305295502540        2.4249786564770264E-002
   2.8000000000000003       -1.5451818260776640        2.5595391862166691E-002
   2.8999999999999999       -1.6012774918146968        2.6747120212705536E-002
   3.0000000000000000       -1.6571059775200476        2.7724146296372251E-002
   3.1000000000000001       -1.7126574839547466        2.8543856992912203E-002
   3.2000000000000002       -1.7679237877407166        2.9222014969378419E-002
   3.3000000000000003       -1.8228980834802029        2.9772911019770285E-002
   3.3999999999999999       -1.8775748406160782        3.0209503118022462E-002
   3.5000000000000000       -1.9319496736441668        3.0543541180253146E-002
   3.6000000000000001       -1.9860192244183292        3.0785684516703524E-002
   3.7000000000000002       -2.0397810553914297        3.0945601390086452E-002
   3.8000000000000003       -2.0932335527733343        3.1032064640486169E-002
   3.8999999999999999       -2.1463758386653966        3.1053033953232057E-002
   4.0000000000000000       -2.1992076913390086        3.1015730616879764E-002
   4.0999999999999996       -2.2517294729064159        3.0926707301949959E-002
   4.2000000000000002       -2.3039420636971131        3.0791906201659922E-002
   4.2999999999999998       -2.3558468027396757        3.0616716771845080E-002
   4.4000000000000004       -2.4074454337869442        3.0406023887747578E-002
   4.5000000000000000       -2.4587400563905866        3.0164253852552891E-002
   4.6000000000000005       -2.5097330815718166        2.9895414149695643E-002
   4.7000000000000002       -2.5604271916814705        2.9603132494118001E-002
   4.7999999999999998       -2.6108253040705502        2.9290688218288608E-002
   4.9000000000000004       -2.6609305382427495        2.8961044761299848E-002
   5.0000000000000000       -2.7107461861750184        2.8616876694462407E-002
   5.1000000000000005       -2.7602756855282742        2.8260595868977636E-002
   5.2000000000000002       -2.8095225954920187        2.7894373536147557E-002
   5.2999999999999998       -2.8584905750331684        2.7520163543284591E-002
   5.4000000000000004       -2.9071833633288864        2.7139719550016823E-002
   5.5000000000000000       -2.9556047621976331        2.6754614439136327E-002
   5.6000000000000005       -3.0037586203450304        2.6366255503388617E-002
   5.7000000000000002       -3.0516488192634799        2.5975900915718681E-002
   5.7999999999999998       -3.0992792606343404        2.5584669387074689E-002
   5.9000000000000004       -3.1466538551081600        2.5193559760866176E-002
   6.0000000000000000       -3.1937765123129873        2.4803452964529044E-002
   6.1000000000000005       -3.2406511320130051        2.4415131266971087E-002
   6.2000000000000002       -3.2872815962797977        2.4029281902524267E-002
   6.2999999999999998       -3.3336717626001642        2.3646508978528505E-002
   6.4000000000000004       -3.3798254578291935        2.3267336985913621E-002
   6.5000000000000000       -3.4257464729124005        2.2892230570977341E-002
   6.6000000000000005       -3.4714385582772440        2.2521571748534537E-002
   6.7000000000000002       -3.5169054199136824        2.2155719477674325E-002
   6.7999999999999998       -3.5621507159014345        2.1794939552585543E-002
   6.9000000000000004       -3.6071780536061206        2.1439492151776492E-002
   7.0000000000000000       -3.6519909871873089        2.1089565938829848E-002
   7.1000000000000005       -3.6965930156226388        2.0745331608129164E-002
   7.2000000000000002       -3.7409875810447009        2.0406915589093671E-002
   7.2999999999999998       -3.7851780674439546        2.0074419720530579E-002
   7.4000000000000004       -3.8291677996571249        1.9747917179021426E-002
   7.5000000000000000       -3.8729600426260511        1.9427458109689117E-002
   7.6000000000000005       -3.9165580008950562        1.9113070335054581E-002
   7.7000000000000002       -3.9599648183246869        1.8804764174521739E-002
   7.7999999999999998       -4.0031835779881737        1.8502532653226048E-002
   7.9000000000000004       -4.0462173022399019        1.8206352267913520E-002
   8.0000000000000000       -4.0890689529343867        1.7916192621013623E-002
   8.0999999999999996       -4.1317414317612524        1.7631997819405158E-002
   8.1999999999999993       -4.1742375807381595        1.7353726076546581E-002
   8.3000000000000007       -4.2165601827135832        1.7081298764909963E-002
   8.4000000000000004       -4.2587119620684071        1.6814651223281893E-002
   8.5000000000000000       -4.3006955854141609        1.6553701783994557E-002
   8.5999999999999996       -4.3425136623835368        1.6298367467474071E-002
   8.7000000000000011       -4.3841687464698946        1.6048558157367256E-002
   8.8000000000000007       -4.4256633359189310        1.5804182295500711E-002
   8.9000000000000004       -4.4669998746509609        1.5565142864518485E-002
   9.0000000000000000       -4.5081807532223230        1.5331342647114258E-002
   9.0999999999999996       -4.5492083098038343        1.5102680457536008E-002
   9.2000000000000011       -4.5900848311859006        1.4879055190133508E-002
   9.3000000000000007       -4.6308125537934712        1.4660363478910365E-002
   9.4000000000000004       -4.6713936647150396        1.4446502495589562E-002
   9.5000000000000000       -4.7118303027329205        1.4237368751210564E-002
   9.5999999999999996       -4.7521245593587347        1.4032857739577482E-002
   9.7000000000000011       -4.7922784798718485        1.3832867911129346E-002
   9.8000000000000007       -4.8322940643446586        1.3637294797741232E-002
   9.9000000000000004       -4.8721732686756232        1.3446038005188806E-002
   10.000000000000000       -4.9119180056014944        1.3258996237532013E-002
   10.100000000000000       -4.9515301457071281        1.3076069187167744E-002
   10.200000000000001       -4.9910115184252826        1.2897159501797758E-002
   10.300000000000001       -5.0303639130161129        1.2722169199712970E-002
   10.400000000000000       -5.0695890795411946        1.2551003148448829E-002
   10.500000000000000       -5.1086887298173433        1.2383567566345108E-002
   10.600000000000000       -5.1476645383550546        1.2219769648665750E-002
   10.700000000000001       -5.1865181432841938        1.2059518982579304E-002
   10.800000000000001       -5.2252511472590735        1.1902726976355539E-002
   10.900000000000000       -5.2638651183451994        1.1749306364219191E-002
   11.000000000000000       -5.3023615908913406        1.1599171557631620E-002
   11.100000000000000       -5.3407420663833758        1.1452239868873650E-002
   11.200000000000001       -5.3790080142753371        1.1308429011562706E-002
   11.300000000000001       -5.4171608728074716        1.1167659980609515E-002
   11.400000000000000       -5.4552020498015850        1.1029853878660827E-002
   11.500000000000000       -5.4931329234430191        1.0894936112299186E-002
   11.600000000000000       -5.5309548430353965        1.0762831106127906E-002
   11.700000000000001       -5.5686691297480753        1.0633467282828019E-002
   11.800000000000001       -5.6062770773369142        1.0506774066059541E-002
   11.900000000000000       -5.6437799528500827        1.0382681855139665E-002
   12.000000000000000       -5.6811789973186864        1.0261125252325618E-002
   12.100000000000000       -5.7184754264202065        1.0142037385693081E-002
   12.200000000000001       -5.7556704311400235        1.0025354227109574E-002
   12.300000000000001       -5.7927651784077421        9.9110169645826099E-003
   12.400000000000000       -5.8297608117036814        9.7989609820781989E-003
   12.500000000000000       -5.8666584516791795        9.6891313718533243E-003
   12.600000000000000       -5.9034591967293988        9.5814686978292433E-003
   12.700000000000001       -5.9401641235727931        9.4759179321719095E-003
   12.800000000000001       -5.9767742878062826        9.3724255159847222E-003
   12.900000000000000       -6.0132907244399929        9.2709398714179159E-003
   13.000000000000000       -6.0497144484248349        9.1714043193494594E-003
   13.100000000000000       -6.0860464551786793        9.0737814497117882E-003
   13.200000000000001       -6.1222877210420696        8.9780041546025958E-003
   13.300000000000001       -6.1584392038278475        8.8840484990136553E-003
   13.400000000000000       -6.1945018432096992        8.7918442050149079E-003
   13.500000000000000       -6.2304765612650668        8.7013705714252109E-003
   13.600000000000000       -6.2663642628382128        8.6125628422059151E-003
   13.700000000000001       -6.3021658360469264        8.5253967196022660E-003
   13.800000000000001       -6.3378821526372757        8.4398212975377394E-003
   13.900000000000000       -6.3735140684251261        8.3557995896113499E-003
   14.000000000000000       -6.4090624236924389        8.2732926665743702E-003
   14.100000000000000       -6.4445280435671846        8.1922652844121958E-003
   14.200000000000001       -6.4799117383889326        8.1126779946763729E-003
   14.300000000000001       -6.5152143040860988        8.0344974856504329E-003
   14.400000000000000       -6.5504365225230217        7.9576882087065773E-003
   14.500000000000000       -6.5855791618460886        7.8822179930793500E-003
   14.600000000000000       -6.6206429768117170        7.8080542821098520E-003
   14.700000000000001       -6.6556287091144739        7.7351626017295883E-003
   14.800000000000001       -6.6905370877118919        7.6635185139388856E-003
   14.900000000000000       -6.7253688291069285        7.5930847714096115E-003
   15.000000000000000       -6.7601246376741333        7.5238390994385495E-003
   15.100000000000000       -6.7948052059251403        7.4557485495629298E-003
   15.200000000000001       -6.8294112148062274        7.3887886545871409E-003
   15.300000000000001       -6.8639433339629203        7.3229314682082165E-003
   15.400000000000000       -6.8984022220083512        7.2581522298506840E-003
   15.500000000000000       -6.9327885267798131        7.1944239937733467E-003
   15.600000000000000       -6.9671028855959136        7.1317250118407430E-003
   15.700000000000001       -7.0013459254905772        7.0700288214113225E-003
   15.800000000000001       -7.0355182634602800        7.0093146786492609E-003
   15.900000000000000       -7.0696205066862818        6.9495586845312969E-003
   16.000000000000000       -7.1036532527646337        6.8907391732453693E-003
   16.100000000000001       -7.1376170899235518        6.8328362830547447E-003
   16.199999999999999       -7.1715125972304357        6.7758269143990881E-003
   16.300000000000001       -7.2053403448070732        6.7196942078568663E-003
   16.399999999999999       -7.2391008940185637        6.6644153416594003E-003
   16.500000000000000       -7.2727947976807936        6.6099739825930710E-003
   16.600000000000001       -7.3064226002402286        6.5563504049223455E-003
   16.699999999999999       -7.3399848379614303        6.5035273369686997E-003
   16.800000000000001       -7.3734820391085805        6.4514846788471872E-003
   16.899999999999999       -7.4069147241250182        6.4002123744031168E-003
   17.000000000000000       -7.4402834057789438        6.3496833315162659E-003
   17.100000000000001       -7.4735885893697329        6.2998921813926904E-003
   17.199999999999999       -7.5068307728470618        6.2508160183695431E-003
   17.300000000000001       -7.5400104469942697        6.2024418184233954E-003
   17.400000000000002       -7.5731280955745159        6.1547568849355805E-003
   17.500000000000000       -7.6061841954684901        6.1077424043652455E-003
   17.600000000000001       -7.6391792168371859        6.0613886653274685E-003
   17.699999999999999       -7.6721136232454832        6.0156791727572767E-003
   17.800000000000001       -7.7049878718077975        5.9706022340829806E-003
   17.900000000000002       -7.7378024133203356        5.9261417566987750E-003
   18.000000000000000       -7.7705576923956459        5.8822930750776223E-003
   18.100000000000001       -7.8032541475635568        5.8390303832750960E-003
   18.199999999999999       -7.8358922114449729        5.7963572880506149E-003
   18.300000000000001       -7.8684723108104802        5.7542500105509254E-003
   18.400000000000002       -7.9009948667441607        5.7127017657191458E-003
   18.500000000000000       -7.9334602947417743        5.6717045661082476E-003
   18.600000000000001       -7.9658690048056648        5.6312402043238079E-003
   18.699999999999999       -7.9982214015860364        5.5913047272835434E-003
   18.800000000000001       -8.0305178844565468        5.5518868039878535E-003
   18.900000000000002       -8.0627588476240799        5.5129698431060827E-003
   19.000000000000000       -8.0949446802537572        5.4745565363630384E-003
   19.100000000000001       -8.1270757665145634        5.4366253348181537E-003
   19.199999999999999       -8.1591524857286188        5.3991701741433916E-003
   19.300000000000001       -8.1911752124449126        5.3621926262586300E-003
   19.400000000000002       -8.2231443164886127        5.3256628770952646E-003
   19.500000000000000       -8.2550601631337912        5.2895949775577282E-003
   19.600000000000001       -8.2869231131079140        5.2539598468313150E-003
   19.699999999999999       -8.3187335227361512        5.2187731657570126E-003
   19.800000000000001       -8.3504917439202071        5.1840139996037196E-003
   19.900000000000002       -8.3821981243537778        5.1496211269804974E-003
   20.000000000000000       -8.4138530077252387        5.1157387576289013E-003
   20.100000000000001       -8.4454567331932733        5.0821658989947064E-003
   20.199999999999999       -8.4770096362389395        5.0490510667073321E-003
   20.300000000000001       -8.5085120481800587        5.0162925631296144E-003
   20.400000000000002       -8.5399642965382352        4.9839284463521283E-003
   20.500000000000000       -8.5713667049756985        4.9519460786901868E-003
   20.600000000000001       -8.6027195933646663        4.9203163368963052E-003
   20.699999999999999       -8.6340232779503818        4.8890705244026590E-003
   20.800000000000001       -8.6652780712704711        4.8581609419024452E-003
   20.900000000000002       -8.6964842823682851        4.8276190731842399E-003
   21.000000000000000       -8.7276422167208416        4.7974099191496148E-003
   21.100000000000001       -8.7587521764000371        4.7675452675074040E-003
   21.199999999999999       -8.7898144600732717        4.7380125866950283E-003
   21.300000000000001       -8.8208293630758732        4.7088067662595856E-003
   21.400000000000002       -8.8517971774761524        4.6799217416318732E-003
   21.500000000000000       -8.8827181921265002        4.6513562253821614E-003
   21.600000000000001       -8.9135926926984510        4.6231003956709099E-003
   21.699999999999999       -8.9444209617593966        4.5951487944256384E-003
   21.800000000000001       -8.9752032788219225        4.5675034791173618E-003
   21.900000000000002       -9.0059399203652983        4.5401487791186532E-003
   22.000000000000000       -9.0366311599272162        4.5130902785345288E-003
   22.100000000000001       -9.0672772681112086        4.4863168626962952E-003
   22.199999999999999       -9.0978785126578146        4.4598247018840815E-003
   22.300000000000001       -9.1284351584895855        4.4336132314057647E-003
   22.400000000000002       -9.1589474677381393        4.4076723028307480E-003
   22.500000000000000       -9.1894156998121890        4.3820022590540016E-003
   22.600000000000001       -9.2198401114191260        4.3565989292285784E-003
   22.699999999999999       -9.2502209566113649        4.3314508422114331E-003
   22.800000000000001       -9.2805584868530282        4.3065680479560976E-003
   22.900000000000002       -9.3108529510071030        4.2819295190806312E-003
   23.000000000000000       -9.3411045954395995        4.2575468220366289E-003
   23.100000000000001       -9.3713136639997927        4.2334065753803522E-003
   23.199999999999999       -9.4014803980921258        4.2095075919025837E-003
   23.300000000000001       -9.4316050367080440        4.1858489065752843E-003
   23.400000000000002       -9.4616878164484959        4.1624220615523871E-003
   23.500000000000000       -9.4917289715797111        4.1392283886164689E-003
   23.600000000000001       -9.5217287340499599        4.1162609644410193E-003
   23.699999999999999       -9.5516873335306922        4.0935214628847090E-003
   23.800000000000001       -9.5816049974431490        4.0709941499941869E-003
   23.900000000000002       -9.6114819510303420        4.0486970953907044E-003
   24.000000000000000       -9.6413184173055893        4.0266046352419056E-003
   24.100000000000001       -9.6711146171749380        4.0047279033734217E-003
   24.199999999999999       -9.7008707694154772        3.9830610363934633E-003
   24.300000000000001       -9.7305870907077416        3.9615969165386206E-003
   24.400000000000002       -9.7602637956893066        3.9403377171434596E-003
   24.500000000000000       -9.7899010969623106        3.9192773508101367E-003
   24.600000000000001       -9.8194992051319598        3.8984148931061734E-003
   24.699999999999999       -9.8490583288307878        3.8777455689067396E-003
   24.800000000000001       -9.8785786747472777        3.8572722347436118E-003
   24.900000000000002       -9.9080604476409633        3.8369791746952720E-003
   25.000000000000000       -9.9375038504139930        3.8168834593795930E-003
   25.100000000000001       -9.9669090840589654        3.7969638228041920E-003
   25.199999999999999       -9.9962763477575525        3.7772290799422598E-003
   25.300000000000001       -10.025605838868104        3.7576726791535690E-003
   25.400000000000002       -10.054897752954746        3.7382945496072500E-003
   25.500000000000000       -10.084152283816795        3.7190838772026740E-003
   25.600000000000001       -10.113369623530005        3.7000592460311550E-003
   25.699999999999999       -10.142549962390579        3.6811907196659050E-003
   25.800000000000001       -10.171693489063642        3.6624903818310408E-003
   25.900000000000002       -10.200800390536157        3.6439680822968998E-003
   26.000000000000000       -10.229870852072438        3.6255990291786597E-003
   26.100000000000001       -10.258905057361394        3.6073841957124202E-003
   26.199999999999999       -10.287903188511166        3.5893476984518290E-003
   26.300000000000001       -10.316865425946826        3.5714534777974037E-003
   26.400000000000002       -10.345791948575458        3.5537226073034727E-003
   26.500000000000000       -10.374682933770606        3.5361161832727127E-003
   26.600000000000001       -10.403538557440648        3.5187277234710020E-003
   26.699999999999999       -10.432358993726480        3.5014034481874123E-003
   26.800000000000001       -10.461144415621622        3.4842928983837432E-003
   26.900000000000002       -10.489894994392316        3.4672996270191480E-003
   27.000000000000000       -10.518610899923257        3.4504524448150009E-003
   27.100000000000001       -10.547292300696702        3.4337450917312690E-003
   27.199999999999999       -10.575939363769153        3.4171877838722370E-003
   27.300000000000001       -10.604552254750041        3.4007587115094766E-003
   27.400000000000002       -10.633131137905883        3.3844723981096832E-003
   27.500000000000000       -10.661676176118331        3.3683177316299944E-003
   27.600000000000001       -10.690187530924227        3.3523006066262170E-003
   27.699999999999999       -10.718665362514686        3.3364091036809738E-003
   27.800000000000001       -10.747109829786018        3.3206544560120291E-003
   27.900000000000002       -10.775521090302414        3.3050260333439842E-003
   28.000000000000000       -10.803899300352025        3.2895214808264716E-003
   28.100000000000001       -10.832244614966255        3.2741492730810509E-003
   28.199999999999999       -10.860557187889503        3.2588960151747428E-003
   28.300000000000001       -10.888837171644408        3.2437676729094502E-003
   28.400000000000002       -10.917084717522290        3.2287595067909680E-003
   28.500000000000000       -10.945299975598743        3.2138751561600807E-003
   28.600000000000001       -10.973483094737762        3.1991023301217109E-003
   28.699999999999999       -11.001634222645345        3.1844543845810538E-003
   28.800000000000001       -11.029753505826264        3.1699161303264194E-003
   28.900000000000002       -11.057841089648685        3.1554961929827351E-003
   29.000000000000000       -11.085897118320963        3.1411891827253804E-003
   29.100000000000001       -11.113921734919712        3.1269911940968089E-003
   29.199999999999999       -11.141915081417583        3.1129065673578989E-003
   29.300000000000001       -11.169877298664781        3.0989329404354578E-003
   29.400000000000002       -11.197808526411483        3.0850619687420276E-003
   29.500000000000000       -11.225708903349894        3.0713041592096567E-003
   29.600000000000001       -11.253578567075994        3.0576487806569627E-003
   29.699999999999999       -11.281417654140695        3.0440975576664421E-003
   29.800000000000001       -11.309226300045164        3.0306571277293518E-003
   29.900000000000002       -11.337004639267688        3.0172830991702063E-003
   30.000000000000000       -11.364752805229520        3.0041668900579349E-003
   30.100000000000001       -11.392470929897218        2.9908258211100466E-003
   30.200000000000003       -11.420159145604893        2.9779058394852277E-003
   30.300000000000001       -11.447817582354457        2.9649256874683416E-003
   30.400000000000002       -11.475446369609166        2.9520883236046395E-003
   30.500000000000000       -11.503045635847458        2.9393308678302829E-003
   30.600000000000001       -11.530615508608497        2.9266745580321741E-003
   30.700000000000003       -11.558156114469572        2.9141108778865518E-003
   30.800000000000001       -11.585667579068003        2.9016395161489974E-003
   30.900000000000002       -11.613150027119229        2.8892593816344401E-003
   31.000000000000000       -11.640603582420230        2.8769730913282489E-003
   31.100000000000001       -11.668028367849182        2.8647714831189935E-003
   31.200000000000003       -11.695424505403524        2.8526657418554468E-003
   31.300000000000001       -11.722792116164410        2.8406416232069336E-003
   31.400000000000002       -11.750131320356479        2.8287090556846726E-003
   31.500000000000000       -11.777442237317501        2.8168607813235367E-003
   31.600000000000001       -11.804724985525301        2.8050997535913904E-003
   31.700000000000003       -11.831979682601492        2.7934191689628425E-003
   31.800000000000001       -11.859206445341815        2.7818250910452698E-003
   31.900000000000002       -11.886405389684603        2.7703189888826072E-003
   32.000000000000000       -11.913576630725046        2.7588803590622227E-003
   32.100000000000001       -11.940720282799800        2.7475389893086900E-003
   32.200000000000003       -11.967836459363825        2.7362701209777550E-003
   32.300000000000004       -11.994925273094132        2.7250807575553244E-003
   32.399999999999999       -12.021986835892015        2.7139663022853668E-003
   32.500000000000000       -12.049021258881430        2.7029391153370452E-003
   32.600000000000001       -12.076028652355403        2.6919865014867835E-003
   32.700000000000003       -12.103009125853658        2.6811003089283825E-003
   32.800000000000004       -12.129962788200748        2.6703029623233007E-003
   32.899999999999999       -12.156889747404632        2.6595737642080139E-003
   33.000000000000000       -12.183790110748095        2.6489182343791291E-003
   33.100000000000001       -12.210663984782792        2.6383385578939472E-003
   33.200000000000003       -12.237511475313925        2.6278296730365769E-003
   33.300000000000004       -12.264332687422506        2.6173962804838437E-003
   33.399999999999999       -12.291127725460834        2.6070273559284378E-003
   33.500000000000000       -12.317896693095005        2.5967367912965791E-003
   33.600000000000001       -12.344639693256161        2.5865092876009303E-003
   33.700000000000003       -12.371356828200083        2.5763563985796655E-003
   33.800000000000004       -12.398048199472340        2.5662681173213562E-003
   33.899999999999999       -12.424713907945268        2.5562507284836492E-003
   34.000000000000000       -12.451354053801820        2.5462987952711608E-003
   34.100000000000001       -12.477968736560305        2.5364129308660219E-003
   34.200000000000003       -12.504558055079077        2.5265933090641715E-003
   34.300000000000004       -12.531122107549161        2.5168430456235721E-003
   34.399999999999999       -12.557660991494364        2.5071494354382555E-003
   34.500000000000000       -12.584174803825380        2.4975277262026187E-003
   34.600000000000001       -12.610663640780455        2.4879652247073534E-003
   34.700000000000003       -12.637127597979280        2.4784651248919822E-003
   34.800000000000004       -12.663566770411068        2.4690344978848416E-003
   34.899999999999999       -12.689981252418043        2.4596517697840969E-003
   35.000000000000000       -12.716371137782696        2.4503438178478088E-003
   35.100000000000001       -12.742736519610501        2.4410950673663953E-003
   35.200000000000003       -12.769077490425175        2.4318837912187382E-003
   35.300000000000004       -12.795394142194086        2.4227972260576678E-003
   35.399999999999999       -12.821686566176895        2.4135989639684219E-003
   35.500000000000000       -12.847954853458388        2.4048277092289646E-003
   35.600000000000001       -12.874199093230562        2.3955957904839486E-003
   35.700000000000003       -12.900419376201933        2.3868696104511855E-003
   35.800000000000004       -12.926615790792990        2.3779539561020911E-003
   35.899999999999999       -12.952788425607338        2.3691805897439254E-003
   36.000000000000000       -12.978937368512426        2.3604692416343931E-003
   36.100000000000001       -13.005062706711636        2.3517659710044509E-003
   36.200000000000003       -13.031164527093315        2.3431573922576337E-003
   36.300000000000004       -13.057242915828516        2.3345923474312161E-003
   36.399999999999999       -13.083297958570059        2.3260694113372829E-003
   36.500000000000000       -13.109329740498895        2.3176176325883347E-003
   36.600000000000001       -13.135338346181811        2.3092076101547737E-003
   36.700000000000003       -13.161323859699268        2.3008512026812850E-003
   36.800000000000004       -13.187286364610989        2.2925510203216414E-003
   36.899999999999999       -13.213225943932731        2.2842987025034271E-003
   37.000000000000000       -13.239142680182550        2.2760973245147384E-003
   37.100000000000001       -13.265036655368599        2.2679502612871338E-003
   37.200000000000003       -13.290907950977005        2.2598482164116426E-003
   37.300000000000004       -13.316756648013927        2.2517997631399775E-003
   37.399999999999999       -13.342582826976759        2.2437971838196740E-003
   37.500000000000000       -13.368386567877375        2.2358488329610434E-003
   37.600000000000001       -13.394167950220925        2.2279417230060970E-003
   37.700000000000003       -13.419927053055186        2.2200898489555588E-003
   37.800000000000004       -13.445663954922761        2.2122788929933817E-003
   37.899999999999999       -13.471378733910065        2.2045227404638040E-003
   38.000000000000000       -13.497071467610873        2.1968020437593549E-003
   38.100000000000001       -13.522742233190773        2.1891416293920072E-003
   38.200000000000003       -13.548391107302045        2.1815126149856592E-003
   38.300000000000004       -13.574018166176515        2.1739499923332868E-003
   38.400000000000006       -13.599623485526447        2.1664021384079266E-003
   38.500000000000000       -13.625207140726930        2.1589311221010001E-003
   38.600000000000001       -13.650769206585009        2.1514788169667881E-003
   38.700000000000003       -13.676309757547898        2.1440907239518255E-003
   38.800000000000004       -13.701828867557875        2.1367300342989546E-003
   38.900000000000006       -13.727326610177141        2.1294235659931543E-003
   39.000000000000000       -13.752803058495548        2.1221562152824928E-003
   39.100000000000001       -13.778258285181167        2.1149312472651689E-003
   39.200000000000003       -13.803692362488050        2.1077460369146464E-003
   39.300000000000004       -13.829105362251688        2.1006105520670710E-003
   39.400000000000006       -13.854497355852358        2.0935095362605467E-003
   39.500000000000000       -13.879868414293032        2.0864472987520907E-003
   39.600000000000001       -13.905218608168976        2.0794401079103349E-003
   39.700000000000003       -13.930548007603809        2.0724569363559635E-003
   39.800000000000004       -13.955856682391344        2.0655205253780045E-003
   39.900000000000006       -13.981144701898167        2.0586293896254488E-003
   40.000000000000000       -14.006412135060209        2.0517687830241991E-003
   40.100000000000001       -14.031659050464354        2.0449502181690326E-003
   40.200000000000003       -14.056885516287956        2.0381786699212741E-003
   40.300000000000004       -14.082091600283613        2.0314318688483932E-003
   40.400000000000006       -14.107277369881318        2.0247326260304415E-003
   40.500000000000000       -14.132442892089317        2.0180714496686267E-003
   40.600000000000001       -14.157588233528914        2.0114426176613799E-003
   40.700000000000003       -14.182713460471975        2.0048560012490822E-003
   40.800000000000004       -14.207818638796907        1.9983042548676511E-003
   40.900000000000006       -14.232903834020481        1.9917877933346541E-003
   41.000000000000000       -14.257969111295306        1.9853138206602748E-003
   41.100000000000001       -14.283014535382067        1.9788697636073179E-003
   41.200000000000003       -14.308040170711879        1.9724612946244728E-003
   41.300000000000004       -14.333046081357475        1.9660955868047343E-003
   41.400000000000006       -14.358032331004519        1.9597554892872701E-003
   41.500000000000000       -14.382998983016831        1.9534632946647959E-003
   41.600000000000001       -14.407946100359341        1.9471932141723453E-003
   41.700000000000003       -14.432873745713124        1.9409570849682669E-003
   41.800000000000004       -14.457781981404960        1.9347756141682125E-003
   41.900000000000006       -14.482670869343250        1.9285925853945991E-003
   42.000000000000000       -14.507540471207783        1.9224982982651072E-003
   42.100000000000001       -14.532390848175350        1.9163524016296608E-003
   42.200000000000003       -14.557222061402914        1.9103360969446946E-003
   42.300000000000004       -14.582034171321604        1.9042885351925850E-003
   42.400000000000006       -14.606827238277329        1.8982875411243777E-003
   42.500000000000000       -14.631601322274106        1.8923366685069988E-003
   42.600000000000001       -14.656356482888141        1.8863954309091173E-003
   42.700000000000003       -14.681092779471539        1.8804999895902354E-003
   42.800000000000004       -14.705810271013382        1.8746295442913720E-003
   42.900000000000006       -14.730509016202028        1.8687937513671921E-003
   43.000000000000000       -14.755189073396215        1.8629921243422316E-003
   43.100000000000001       -14.779850500633259        1.8572120382291065E-003
   43.200000000000003       -14.804493355684560        1.8514711685904196E-003
   43.300000000000004       -14.829117695974126        1.8457603280627323E-003
   43.400000000000006       -14.853723578620292        1.8400735599075626E-003
   43.500000000000000       -14.878311060470088        1.8344232528247873E-003
   43.600000000000001       -14.902880198039028        1.8288019429815435E-003
   43.700000000000003       -14.927431047551753        1.8232027048877485E-003
   43.800000000000004       -14.951963664967304        1.8176455419993253E-003
   43.900000000000006       -14.976478105891898        1.8121097006688614E-003
   44.000000000000000       -15.000974425679519        1.8065978381952032E-003
   44.100000000000001       -15.025452679413885        1.8011309012244145E-003
   44.200000000000003       -15.049912921819132        1.7956760276707266E-003
   44.300000000000004       -15.074355207411507        1.7902527114123071E-003
   44.400000000000006       -15.098779590408535        1.7848703351844531E-003
   44.500000000000000       -15.123186124688917        1.7794959338807417E-003
   44.600000000000001       -15.147574863932395        1.7741680735465090E-003
   44.700000000000003       -15.171945861468485        1.7688562039985688E-003
   44.800000000000004       -15.196299170396770        1.7635717935522122E-003
   44.900000000000006       -15.220634843557830        1.7583169569386080E-003
   45.000000000000000       -15.244952933482383        1.7531022822700787E-003
   45.100000000000001       -15.269253492425722        1.7478626425099224E-003
   45.200000000000003       -15.293536572530943        1.7427500191436892E-003
   45.300000000000004       -15.317802225272574        1.7375554346521634E-003
   45.400000000000006       -15.342050502319346        1.7324451581410018E-003
   45.500000000000000       -15.366281454894587        1.7273468498982577E-003
   45.600000000000001       -15.390495133938721        1.7222861073844041E-003
   45.700000000000003       -15.414691590117503        1.7172279320944576E-003
   45.800000000000004       -15.438870873931000        1.7122213348917577E-003
   45.900000000000006       -15.463033035527129        1.7072171493673254E-003
   46.000000000000000       -15.487178124884764        1.7022531630154919E-003
   46.100000000000001       -15.511306191679981        1.6973076500542705E-003
   46.200000000000003       -15.535417285350547        1.6923910276911449E-003
   46.300000000000004       -15.559511455087939        1.6874881435717365E-003
   46.400000000000006       -15.583588749872192        1.6826282818620836E-003
   46.500000000000000       -15.607649218372284        1.6777692238202613E-003
   46.600000000000001       -15.631692909101917        1.6729570999144121E-003
   46.700000000000003       -15.655719870249762        1.6681514489887430E-003
   46.800000000000004       -15.679730149831103        1.6633770060814274E-003
   46.900000000000006       -15.703723795594243        1.6586314478486662E-003
   47.000000000000000       -15.727700855026139        1.6538959476455400E-003
   47.100000000000001       -15.751661375454738        1.6491867411318147E-003
   47.200000000000003       -15.775605403944393        1.6445204538519790E-003
   47.300000000000004       -15.799532987248874        1.6398425481711873E-003
   47.400000000000006       -15.823444172048022        1.6352125528442166E-003
   47.500000000000000       -15.847339004670262        1.6306133845590124E-003
   47.600000000000001       -15.871217531202886        1.6259876797389660E-003
   47.700000000000003       -15.895079797712608        1.6214496373541927E-003
   47.800000000000004       -15.918925849746806        1.6168990852581907E-003
   47.900000000000006       -15.942755732811980        1.6123354360859832E-003
   48.000000000000000       -15.966569492324286        1.6078908901538118E-003
   48.100000000000001       -15.990367173063595        1.6033648027994028E-003
   48.200000000000003       -16.014148819973954        1.5989472680432882E-003
   48.300000000000004       -16.037914477963351        1.5941987024245491E-003
   48.400000000000006       -16.061664192109202        1.5905640503088079E-003
   48.500000000000000       -16.085398003241792        1.5853530513540036E-003
   48.600000000000001       -16.109115958874078        1.5813239281036147E-003
   48.700000000000003       -16.132818101833010        1.5769552485240530E-003
   48.800000000000004       -16.156504475266079        1.5725705955445899E-003
   48.900000000000006       -16.180175122838136        1.5682789762678491E-003
   49.000000000000000       -16.203830087613294        1.5639916379813807E-003
   49.100000000000001       -16.227469412481639        1.5596985607294529E-003
   49.200000000000003       -16.251093140284141        1.5554536250861420E-003
   49.300000000000004       -16.274701313511684        1.5512319136252288E-003
   49.400000000000006       -16.298293974448960        1.5469928813956291E-003
   49.500000000000000       -16.321871165351379        1.5428174738009010E-003
   49.600000000000001       -16.345432928094247        1.5386329543545275E-003
   49.700000000000003       -16.368979304459383        1.5344773484582230E-003
   49.800000000000004       -16.392510336013551        1.5303442329364580E-003
   49.900000000000006       -16.416026064103914        1.5262240025725445E-003
   50.000000000000000       -16.439526529920194        1.5221242054361127E-003
   50.100000000000001       -16.463011774453239        1.5180491175179613E-003
   50.200000000000003       -16.486481838479751        1.5139832446497362E-003
   50.300000000000004       -16.509936762636293        1.5099398854393515E-003
   50.400000000000006       -16.533376587347394        1.5059244785139744E-003
   50.500000000000000       -16.556801352816375        1.5019074714905443E-003
   50.600000000000001       -16.580211099145082        1.4979298012680843E-003
   50.700000000000003       -16.603605866171939        1.4939544326469328E-003
   50.800000000000004       -16.626985693602808        1.4900100613940233E-003
   50.900000000000006       -16.650350620930425        1.4860672733113651E-003
   51.000000000000000       -16.673700687524338        1.4821610662603640E-003
   51.100000000000001       -16.697035932502342        1.4782580084677630E-003
   51.200000000000003       -16.720356394850793        1.4743846313424679E-003
   51.300000000000004       -16.743662113350997        1.4705124144693093E-003
   51.400000000000006       -16.766953126666206        1.4666767077939978E-003
   51.500000000000000       -16.790229473221292        1.4628368270723868E-003
   51.600000000000001       -16.813491191316466        1.4590519320175955E-003
   51.700000000000003       -16.836738318960158        1.4552263338569334E-003
   51.800000000000004       -16.859970894231775        1.4514659777774602E-003
   51.900000000000006       -16.883188954851871        1.4477006679810634E-003
   52.000000000000000       -16.906392538412739        1.4439668860238106E-003
   52.100000000000001       -16.929581682311778        1.4402288862544186E-003
   52.200000000000003       -16.952756423873478        1.4365199722005742E-003
   52.300000000000004       -16.975916800194153        1.4328358400394372E-003
   52.400000000000006       -16.999062848162641        1.4291479795476001E-003
   52.500000000000000       -17.022194604598987        1.4254915263472207E-003
   52.600000000000001       -17.045312106100230        1.4218469775749440E-003
   52.700000000000003       -17.068415389113738        1.4182132042039389E-003
   52.800000000000004       -17.091504489956083        1.4146029038100063E-003
   52.900000000000006       -17.114579444742343        1.4110088314002894E-003
   53.000000000000000       -17.137640289440675        1.4074145265788999E-003
   53.100000000000001       -17.160687059918416        1.4038654177125937E-003
   53.200000000000003       -17.183719791763032        1.4003036777649705E-003
   53.300000000000004       -17.206738520527004        1.3967682573133361E-003
   53.400000000000006       -17.229743281580955        1.3932493058753659E-003
   53.500000000000000       -17.252734110110840        1.3897489578087504E-003
   53.600000000000001       -17.275711041151730        1.3862482604353645E-003
   53.700000000000003       -17.298674109639968        1.3827895919226439E-003
   53.800000000000004       -17.321623350258772        1.3793150325017245E-003
   53.900000000000006       -17.344558797668402        1.3758757824327437E-003
   54.000000000000000       -17.367480486302107        1.3724473916711334E-003
   54.100000000000001       -17.390388450446416        1.3690282892355062E-003
   54.200000000000003       -17.413282724278101        1.3656270257824631E-003
   54.300000000000004       -17.436163341808800        1.3622441992599799E-003
   54.400000000000006       -17.459030336882506        1.3588703733045191E-003
   54.500000000000000       -17.481883743234242        1.3555074884768503E-003
   54.600000000000001       -17.504723594464789        1.3521723871968054E-003
   54.700000000000003       -17.527549923968248        1.3488392151464787E-003
   54.800000000000004       -17.550362765039246        1.3455302291939702E-003
   54.900000000000006       -17.573162150867901        1.3421852735958164E-003
   55.000000000000000       -17.595948114614117        1.3389781390080568E-003
   55.100000000000001       -17.618720688794046        1.3356419439729062E-003
   55.200000000000003       -17.641479906392334        1.3324030689872810E-003
   55.300000000000004       -17.664225799989946        1.3291461857404283E-003
   55.400000000000006       -17.686958402062110        1.3259274570109972E-003
   55.500000000000000       -17.709677744884498        1.3226938510605666E-003
   55.600000000000001       -17.732383860701397        1.3195004331826899E-003
   55.700000000000003       -17.755076781524707        1.3163005692653047E-003
   55.800000000000004       -17.777756539311685        1.3131190889746980E-003
   55.900000000000006       -17.800423165874495        1.3099575759124703E-003
   56.000000000000000       -17.823076692844637        1.3068062069019292E-003
   56.100000000000001       -17.845717151754275        1.3036538998099703E-003
   56.200000000000003       -17.868344574058469        1.3005414608210180E-003
   56.300000000000004       -17.890958990967246        1.2974175068650856E-003
   56.400000000000006       -17.913560433662809        1.2943164395861867E-003
   56.500000000000000       -17.936148933162766        1.2912340979370236E-003
   56.600000000000001       -17.958724520328783        1.2881475335411964E-003
   56.700000000000003       -17.981287225972338        1.2850892451210134E-003
   56.800000000000004       -18.003837080707335        1.2820406206156196E-003
   56.900000000000006       -18.026374115033057        1.2789938371996065E-003
   57.000000000000000       -18.048898359378281        1.2759723288440566E-003
   57.100000000000001       -18.071409843984167        1.2729604511886976E-003
   57.200000000000003       -18.093908598983838        1.2699495956079259E-003
   57.300000000000004       -18.116394654442765        1.2669656124524424E-003
   57.400000000000006       -18.138868040232207        1.2639896451087972E-003
   57.500000000000000       -18.161328786123324        1.2610148018915796E-003
   57.600000000000001       -18.183776921811447        1.2580729445700743E-003
   57.700000000000003       -18.206212476802257        1.2551118072432837E-003
   57.800000000000004       -18.228635480576941        1.2522095025762480E-003
   57.900000000000006       -18.251045962336395        1.2492593199512625E-003
   58.000000000000000       -18.273443951346742        1.2464026809804265E-003
   58.100000000000001       -18.295829476543702        1.2434179896416591E-003
   58.200000000000003       -18.318202567274813        1.2406048693055945E-003
   58.300000000000004       -18.340563252070996        1.2377234900776213E-003
   58.400000000000006       -18.362911559613071        1.2348536356289604E-003
   58.500000000000000       -18.385247518600590        1.2319946999271132E-003
   58.600000000000001       -18.407571157584158        1.2291699358237445E-003
   58.700000000000003       -18.429882504881810        1.2263371065040004E-003
   58.800000000000004       -18.452181588787930        1.2235165576514231E-003
   58.900000000000006       -18.474468437491346        1.2207182849522222E-003
   59.000000000000000       -18.496743079014177        1.2179186528769939E-003
   59.100000000000001       -18.519005541318869        1.2151379878273297E-003
   59.200000000000003       -18.541255852232258        1.2123641775837564E-003
   59.300000000000004       -18.563494039489264        1.2095991315247345E-003
   59.400000000000006       -18.585720130710445        1.2068607910334075E-003
   59.500000000000000       -18.607934153355334        1.2041034791879254E-003
   59.600000000000001       -18.630136134896354        1.2013876143550746E-003
   59.700000000000003       -18.652326102582620        1.1986589156054684E-003
   59.800000000000004       -18.674504083639750        1.1959542050470468E-003
   59.900000000000006       -18.696670105141767        1.1932573322145817E-003
   60.000000000000000       -18.718824194051933        1.1905715749874351E-003
   60.100000000000001       -18.740966377245709        1.1878862036350170E-003
   60.200000000000003       -18.763096681527848        1.1852305918783309E-003
   60.300000000000004       -18.785215133523781        1.1825631528738785E-003
   60.400000000000006       -18.807321759848993        1.1799192296921112E-003
   60.500000000000000       -18.829416586954892        1.1772915145105373E-003
   60.600000000000001       -18.851499641164235        1.1746526469852629E-003
   60.700000000000003       -18.873570948805650        1.1720386544251807E-003
   60.800000000000004       -18.895630536030851        1.1694424639806984E-003
   60.900000000000006       -18.917678428836677        1.1668431141770650E-003
   61.000000000000000       -18.939714653244746        1.1642237327803182E-003
   61.100000000000001       -18.961739235197179        1.1617353372454385E-003
   61.200000000000003       -18.983752200208475        1.1589996004673804E-003
   61.300000000000004       -19.005753574534296        1.1566775455946908E-003
   61.400000000000006       -19.027743382802992        1.1539244923807943E-003
   61.500000000000000       -19.049721651292206        1.1514921732682119E-003
   61.600000000000001       -19.071688405069445        1.1489340004972671E-003
   61.700000000000003       -19.093643669460473        1.1464035509995210E-003
   61.800000000000004       -19.115587469736298        1.1439209177890660E-003
   61.900000000000006       -19.137519830857794        1.1414053745089736E-003
   62.000000000000000       -19.159440777894826        1.1389082623276148E-003
   62.100000000000001       -19.181350335800929        1.1364401345258640E-003
   62.200000000000003       -19.203248529322835        1.1339617173818952E-003
   62.300000000000004       -19.225135383207601        1.1314952801835187E-003
   62.400000000000006       -19.247010922110952        1.1290460103113133E-003
   62.500000000000000       -19.268875170549030        1.1265998419287490E-003
   62.600000000000001       -19.290728152977440        1.1241604238719956E-003
   62.700000000000003       -19.312569893768142        1.1217410872788678E-003
   62.800000000000004       -19.334400417165167        1.1193114332383699E-003
   62.900000000000006       -19.356219747394675        1.1169136896136090E-003
   63.000000000000000       -19.378027908501004        1.1145077154426054E-003
   63.100000000000001       -19.399824924508422        1.1121147952694798E-003
   63.200000000000003       -19.421610819342828        1.1097369116431406E-003
   63.300000000000004       -19.443385616808992        1.1073585023617439E-003
   63.400000000000006       -19.465149340667431        1.1049937149813275E-003
   63.500000000000000       -19.486902014569075        1.1026407126651155E-003
   63.600000000000001       -19.508643662057469        1.1002913858260968E-003
   63.700000000000003       -19.530374306633860        1.0979409462698977E-003
   63.800000000000004       -19.552093971734173        1.0956304751476068E-003
   63.900000000000006       -19.573802680579675        1.0932900402464030E-003
   64.000000000000000       -19.595500456464649        1.0909856797483698E-003
   64.100000000000009       -19.617187322511874        1.0886698913332236E-003
   64.200000000000003       -19.638863301802161        1.0863889167694062E-003
   64.299999999999997       -19.660528417309667        1.0840441096105703E-003
   64.400000000000006       -19.682182692064540        1.0818862266489685E-003
   64.500000000000000       -19.703826148355631        1.0794892509702278E-003
   64.600000000000009       -19.725458809458448        1.0772697356911391E-003
   64.700000000000003       -19.747080697910533        1.0750222438294051E-003
   64.799999999999997       -19.768691836161889        1.0727617267536596E-003
   64.900000000000006       -19.790292246745427        1.0705315413065499E-003
   65.000000000000000       -19.811881952048715        1.0682802560720436E-003
   65.100000000000009       -19.833460974474143        1.0660741525730479E-003
   65.200000000000003       -19.855029336196431        1.0638450156873680E-003
   65.299999999999997       -19.876587059419865        1.0616450967240120E-003
   65.400000000000006       -19.898134166202368        1.0594391582743571E-003
   65.500000000000000       -19.919670678570608        1.0572468262674422E-003
   65.600000000000009       -19.941196618461582        1.0550598976192746E-003
   65.700000000000003       -19.962712007734499        1.0528844158821436E-003
   65.799999999999997       -19.984216868155062        1.0507138509726177E-003
   65.900000000000006       -20.005711221430353        1.0485473458311245E-003
   66.000000000000000       -20.027195089203580        1.0463980017083149E-003
   66.100000000000009       -20.048668493002005        1.0442455310200119E-003
   66.200000000000003       -20.070131454314399        1.0421114901758954E-003
   66.299999999999997       -20.091583994520896        1.0399720472088190E-003
   66.400000000000006       -20.113026134979048        1.0378493293791040E-003
   66.500000000000000       -20.134457896925049        1.0357379240589612E-003
   66.600000000000009       -20.155879301510083        1.0336155564753952E-003
   66.700000000000003       -20.177290369893502        1.0315208175152126E-003
   66.799999999999997       -20.198691123070486        1.0294250343421052E-003
   66.900000000000006       -20.220081581989859        1.0273336128796165E-003
   67.000000000000000       -20.241461767560679        1.0252496447635455E-003
   67.100000000000009       -20.262831700594418        1.0231900582756540E-003
   67.200000000000003       -20.284191401774976        1.0211020292784187E-003
   67.299999999999997       -20.305540891871399        1.0190523054198675E-003
   67.400000000000006       -20.326880191452503        1.0169979420808172E-003
   67.500000000000000       -20.348209321009559        1.0149703531137609E-003
   67.600000000000009       -20.369528300934068        1.0129001759333499E-003
   67.700000000000003       -20.390837151754059        1.0108916514881775E-003
   67.799999999999997       -20.412135893723953        1.0088432771145246E-003
   67.900000000000006       -20.433424547161966        1.0068543699376822E-003
   68.000000000000000       -20.454703132134131        1.0048187499535307E-003
   68.100000000000009       -20.475971668835808        1.0028329257309968E-003
   68.200000000000003       -20.497230177246056        1.0008244018036197E-003
   68.299999999999997       -20.518478677381214        9.9883452132859085E-004
   68.400000000000006       -20.539717189162225        9.9685000309548814E-004
   68.500000000000000       -20.560945732414780        9.9488253809596806E-004
   68.600000000000009       -20.582164326875031        9.9289522858677509E-004
   68.700000000000003       -20.603372992321681        9.9094470613244104E-004
   68.799999999999997       -20.624571748348103        9.8897808391315415E-004
   68.900000000000006       -20.645760614558178        9.8703276834007222E-004
   69.000000000000000       -20.666939610446136        9.8508411109987214E-004
   69.100000000000009       -20.688108755463659        9.8315304948723577E-004
   69.200000000000003       -20.709268068965894        9.8121286254384860E-004
   69.299999999999997       -20.730417570306216        9.7929264825950347E-004
   69.400000000000006       -20.751557278716191        9.7737475367195561E-004
   69.500000000000000       -20.772687213382721        9.7545440319436738E-004
   69.600000000000009       -20.793807393455509        9.7356387980341338E-004
   69.700000000000003       -20.814917837951338        9.7163625161943558E-004
   69.799999999999997       -20.836018565914195        9.6981089691486680E-004
   69.900000000000006       -20.857109596254624        9.6769361917028703E-004
   70.000000000000000       -20.878190947824422        9.6667700331510686E-004
   71.000000000000000       -21.088476034846099        9.4711328866627250E-004
   72.000000000000000       -21.297813641892276        9.2974969502672205E-004
   73.000000000000000       -21.506221511106013        9.1231492586545777E-004
   74.000000000000000       -21.713716946739513        8.9559208292854301E-004
   75.000000000000000       -21.920316711716222        8.7934068317351824E-004
   76.000000000000000       -22.126037051514349        8.6359625586655072E-004
   77.000000000000000       -22.330893716676268        8.4832211060335339E-004
   78.000000000000000       -22.534901984016084        8.3350223434201873E-004
   79.000000000000000       -22.738076676744488        8.1911662050511641E-004
   80.000000000000000       -22.940432183427113        8.0514755830430229E-004
   81.000000000000000       -23.141982475964841        7.9157801566023193E-004
   82.000000000000000       -23.342741126587718        7.7839186816366153E-004
   83.000000000000000       -23.542721323987692        7.6557384910403835E-004
   84.000000000000000       -23.741935888599713        7.5310946313849876E-004
   85.000000000000000       -23.940397287106443        7.4098493008711993E-004
   86.000000000000000       -24.138117646210627        7.2918723178233287E-004
   87.000000000000000       -24.335108765698674        7.1770383961301375E-004
   88.000000000000000       -24.531382130914078        7.0652304562015297E-004
   89.000000000000000       -24.726948924538238        6.9563352537429536E-004
   90.000000000000000       -24.921820037874507        6.8502458022479237E-004
   91.000000000000000       -25.116006081561565        6.7468604899587135E-004
   92.000000000000000       -25.309517395768669        6.6460810351475874E-004
   93.000000000000000       -25.502364059959266        6.5478163598613550E-004
   94.000000000000000       -25.694555902115383        6.4519755942320624E-004
   95.000000000000000       -25.886102507685568        6.3584764191148549E-004
   96.000000000000000       -26.077013227955334        6.2672367544300755E-004
   97.000000000000000       -26.267297188167586        6.1781800140213482E-004
   98.000000000000000       -26.456963295229933        6.0912321837599496E-004
   99.000000000000000       -26.646020245098530        6.0063228759580788E-004
   100.00000000000000       -26.834476529830802        5.9233844919114921E-004
   101.00000000000000       -27.022340444356633        5.8423515428416802E-004
   102.00000000000000       -27.209620092956978        5.7631648658814174E-004
   103.00000000000000       -27.396323395353654        5.6857612137712059E-004
   104.00000000000000       -27.582458092802110        5.6100871722788916E-004
   105.00000000000000       -27.768031753657365        5.5360856891567588E-004
   106.00000000000000       -27.953051778908577        5.4637063136328448E-004
   107.00000000000000       -28.137525407354371        5.3928973814327034E-004
   108.00000000000000       -28.321459720671296        5.3236118927536987E-004
   109.00000000000000       -28.504861648196439        5.2558025544890031E-004
   110.00000000000000       -28.687737971593094        5.1894255985309747E-004
   111.00000000000000       -28.870095329279941        5.1244376399020857E-004
   112.00000000000000       -29.051940220729957        5.0607980517199894E-004
   113.00000000000000       -29.233279010561073        4.9984672871960449E-004
   114.00000000000000       -29.414117932493500        4.9374067208591036E-004
   115.00000000000000       -29.594463093185645        4.8775802462874178E-004
   116.00000000000000       -29.774320475872695        4.8189525996730271E-004
   117.00000000000000       -29.953695943892129        4.7614894120365058E-004
   118.00000000000000       -30.132595244090815        4.7051589969741668E-004
   119.00000000000000       -30.311024010088524        4.6499266587788702E-004
   120.00000000000000       -30.488987765527842        4.5957678713030219E-004
   121.00000000000000       -30.666491926880134        4.5426470775693510E-004
   122.00000000000000       -30.843541806637404        4.4905395197615073E-004
   123.00000000000000       -31.020142616020806        4.4394172754772226E-004
   124.00000000000000       -31.196299467698154        4.3892537415555507E-004
   125.00000000000000       -31.372017378451329        4.3400232086914463E-004
   126.00000000000000       -31.547301271741350        4.2917012128568130E-004
   127.00000000000000       -31.722155980150166        4.2442648122360756E-004
   128.00000000000000       -31.896586247711458        4.1976903896668108E-004
   129.00000000000000       -32.070596732234932        4.1519558981020787E-004
   130.00000000000000       -32.244192007537571        4.1070392681141369E-004
   131.00000000000000       -32.417376565607846        4.0629209712127363E-004
   132.00000000000000       -32.590154818618721        4.0195804110270951E-004
   133.00000000000000       -32.762531100964999        3.9769972605399178E-004
   134.00000000000000       -32.934509671239105        3.9351548770990343E-004
   135.00000000000000       -33.106094714019342        3.8940328632509268E-004
   136.00000000000000       -33.277290341777807        3.8536149762058973E-004
   137.00000000000000       -33.448100596590891        3.8138839547782624E-004
   138.00000000000000       -33.618529451854037        3.7748222009070754E-004
   139.00000000000000       -33.788580813965822        3.7364163233025448E-004
   140.00000000000000       -33.958258523839831        3.6986467724674536E-004
   141.00000000000000       -34.127566358602394        3.6615032735633104E-004
   142.00000000000000       -34.296508032916101        3.6249670646167195E-004
   143.00000000000000       -34.465087200596670        3.5890264562547428E-004
   144.00000000000000       -34.633307455937931        3.5536674688685323E-004
   145.00000000000000       -34.801172335087678        3.5188751591271652E-004
   146.00000000000000       -34.968685317448234        3.4846392460633347E-004
   147.00000000000000       -35.135849826862575        3.4509446294852191E-004
   148.00000000000000       -35.302669232956561        3.4177814573610850E-004
   149.00000000000000       -35.469146852288723        3.3851352504207148E-004
   150.00000000000000       -35.635285949591562        3.3529993003924516E-004
   151.00000000000000       -35.801089738813531        3.3213524002567984E-004
   152.00000000000000       -35.966561384571335        3.2901989483865668E-004
   153.00000000000000       -36.131704002621568        3.2595142605192312E-004
   154.00000000000000       -36.296520661443147        3.2292977287747942E-004
   155.00000000000000       -36.461014383079529        3.1995259361311686E-004
   156.00000000000000       -36.625188144142051        3.1702329583918436E-004
   157.00000000000000       -36.789044876732937        3.1412505283851520E-004
   158.00000000000000       -36.952587469426881        3.1131587446648566E-004
   159.00000000000000       -37.115818768248744        3.0837468177793103E-004
   160.00000000000000       -37.278741577378270        3.0612355244305446E-004
   161.00000000000000       -37.441358660246976        3.0148867336675080E-004
   162.00000000000000       -37.603672740208857        3.0593919504360987E-004
   163.00000000000000       -37.765686501426430        2.7666701230962860E-004
   164.00000000000000       -37.927402589696321        3.7343044180596904E-004
   165.00000000000000       -38.088823613169623        0.0000000000000000     
