  0.10000000000000001        1.0375117386090798E-003  0.25554517796882154     
  0.20000000000000001        4.0369842772742691E-003  0.15499576815837954     
  0.29999999999999999        8.7289040396850599E-003  0.13994008364502225     
  0.40000000000000002        1.4778331279763426E-002   9.9748383862074866E-002
  0.50000000000000000        2.1840093925623388E-002   6.8467624375637567E-002
  0.59999999999999998        2.9589989297311017E-002   3.9260754131975190E-002
  0.70000000000000007        3.7740578457740426E-002   1.4905632341524264E-002
  0.80000000000000004        4.6047299722845207E-002  -5.2040206928434876E-003
  0.90000000000000002        5.4308804072290301E-002  -2.1219698965962919E-002
   1.0000000000000000        6.2364107424988109E-002  -3.3637781491676177E-002
   1.1000000000000001        7.0088218295887308E-002  -4.2944664146502658E-002
   1.2000000000000000        7.7387250975626889E-002  -4.9630476618074224E-002
   1.3000000000000000        8.4193602469258041E-002  -5.4142141046267113E-002
   1.4000000000000001        9.0461495208926185E-002  -5.6876211574662244E-002
   1.5000000000000000        9.6163018159258401E-002  -5.8174886256632287E-002
   1.6000000000000001       0.10128470016862669       -5.8328807977174116E-002
   1.7000000000000000       0.10582459555911977       -5.7581853159785777E-002
   1.8000000000000000       0.10978983569186707       -5.6136934031162870E-002
   1.9000000000000001       0.11319459019614014       -5.4161787800091996E-002
   2.0000000000000000       0.11605838062661818       -5.1794359045491921E-002
   2.1000000000000001       0.11840469304981441       -4.9147580387025130E-002
   2.2000000000000002       0.12025984183664626       -4.6313501225035497E-002
   2.3000000000000003       0.12165204332796128       -4.3366792022927092E-002
   2.3999999999999999       0.12261066422640375       -4.0367686406789345E-002
   2.5000000000000000       0.12316561516532090       -3.7364438065107669E-002
   2.6000000000000001       0.12334686477931651       -3.4395356285702484E-002
   2.7000000000000002       0.12318405378084477       -3.1490504272499102E-002
   2.8000000000000003       0.12270619199379333       -2.8673099772111778E-002
   2.8999999999999999       0.12194142421891474       -2.5960689335350295E-002
   3.0000000000000000       0.12091685315037914       -2.3366119080687742E-002
   3.1000000000000001       0.11965840955174874       -2.0898352398785323E-002
   3.2000000000000002       0.11819076148529137       -1.8563152020347990E-002
   3.3000000000000003       0.11653725573057955       -1.6363652472493256E-002
   3.3999999999999999       0.11471988562960830       -1.4300845845338054E-002
   3.5000000000000000       0.11275928048859724       -1.2373988170044139E-002
   3.6000000000000001       0.11067471244325147       -1.0580944075302750E-002
   3.7000000000000002       0.10848411732633734       -8.9184784697671250E-003
   3.8000000000000003       0.10620412661076031       -7.3825012433621981E-003
   3.8999999999999999       0.10385010796414483       -5.9682751798657441E-003
   4.0000000000000000       0.10143621232911358       -4.6705910866283963E-003
   4.0999999999999996        9.8975425776294548E-002  -3.4839111462976070E-003
   4.2000000000000002        9.6479624673962275E-002  -2.4024940361122588E-003
   4.2999999999999998        9.3959632936218784E-002  -1.4204939559968716E-003
   4.4000000000000004        9.1425280342772100E-002  -5.3204356180299817E-004
   4.5000000000000000        8.8885461097169480E-002   2.6867690963374211E-004
   4.6000000000000005        8.6348191934601026E-002   9.8738574378164252E-004
   4.7000000000000002        8.3820669235033632E-002   1.6296579158616067E-003
   4.7999999999999998        8.1309324712878508E-002   2.2008890401345720E-003
   4.9000000000000004        7.8819879333811224E-002   2.7062717763168265E-003
   5.0000000000000000        7.6357395210565351E-002   3.1507773474319717E-003
   5.1000000000000005        7.3926325293304229E-002   3.5391424248184932E-003
   5.2000000000000002        7.1530560723663636E-002   3.8758615255985039E-003
   5.2999999999999998        6.9173475774676543E-002   4.1651838648881501E-003
   5.4000000000000004        6.6857970343098372E-002   4.4111134602140738E-003
   5.5000000000000000        6.4586509990989804E-002   4.6174099760056620E-003
   5.6000000000000005        6.2361163553429952E-002   4.7875953650040829E-003
   5.7000000000000002        6.0183638368669481E-002   4.9249602435955846E-003
   5.7999999999999998        5.8055313189532790E-002   5.0325670348807597E-003
   5.9000000000000004        5.5977268839780617E-002   5.1132692476040893E-003
   6.0000000000000000        5.3950316739865153E-002   5.1697058767175008E-003
   6.1000000000000005        5.1975025337610919E-002   5.2043258422741238E-003
   6.2000000000000002        5.0051744598089441E-002   5.2193883938290086E-003
   6.2999999999999998        4.8180628621777272E-002   5.2169785079953391E-003
   6.4000000000000004        4.6361656498746129E-002   5.1990095428154246E-003
   6.5000000000000000        4.4594651497350549E-002   5.1672563020709900E-003
   6.6000000000000005        4.2879298734994006E-002   5.1233086723324398E-003
   6.7000000000000002        4.1215161267871593E-002   5.0686861490677340E-003
   6.7999999999999998        3.9601695049322323E-002   5.0046958752827542E-003
   6.9000000000000004        3.8038262295413995E-002   4.9326091343747901E-003
   7.0000000000000000        3.6524143968743983E-002   4.8535239301993535E-003
   7.1000000000000005        3.5058550946349090E-002   4.7684777099074680E-003
   7.2000000000000002        3.3640634296665341E-002   4.6783888568489480E-003
   7.2999999999999998        3.2269494537481659E-002   4.5841011627376811E-003
   7.4000000000000004        3.0944190056006744E-002   4.4863731174675202E-003
   7.5000000000000000        2.9663744714655917E-002   4.3858904418375630E-003
   7.6000000000000005        2.8427154713532042E-002   4.2832692513607535E-003
   7.7000000000000002        2.7233394767043950E-002   4.1790653341825393E-003
   7.7999999999999998        2.6081423663869719E-002   4.0737754002255714E-003
   7.9000000000000004        2.4970189242113378E-002   3.9678419156554427E-003
   8.0000000000000000        2.3898632835121898E-002   3.8616657960632902E-003
   8.0999999999999996        2.2865693252484151E-002   3.7555895123312917E-003
   8.1999999999999993        2.1870310274146411E-002   3.6499387346159004E-003
   8.3000000000000007        2.0911427829267994E-002   3.5449756248094929E-003
   8.4000000000000004        1.9987996701756511E-002   3.4409491862960077E-003
   8.5000000000000000        1.9098976974595477E-002   3.3380678402759271E-003
   8.5999999999999996        1.8243340143707355E-002   3.2365172163475518E-003
   8.7000000000000011        1.7420070963767003E-002   3.1364538630044947E-003
   8.8000000000000007        1.6628169031451083E-002   3.0380159062850893E-003
   8.9000000000000004        1.5866650156797314E-002   2.9413171091460097E-003
   9.0000000000000000        1.5134547515650076E-002   2.8464557610495518E-003
   9.0999999999999996        1.4430912626235831E-002   2.7535108864514542E-003
   9.2000000000000011        1.3754816151522960E-002   2.6625495139765295E-003
   9.3000000000000007        1.3105348559655308E-002   2.5736207647658604E-003
   9.4000000000000004        1.2481620633245415E-002   2.4867667016163736E-003
   9.5000000000000000        1.1882763877942787E-002   2.4020150931275933E-003
   9.5999999999999996        1.1307930806852686E-002   2.3193834533893568E-003
   9.7000000000000011        1.0756295126993177E-002   2.2388858316761393E-003
   9.8000000000000007        1.0227051859005874E-002   2.1605203432238027E-003
   9.9000000000000004        9.7194173475239707E-003   2.0842866986683509E-003
   10.000000000000000        9.2326292366484951E-003   2.0101732259596595E-003
   10.100000000000000        8.7659463643177948E-003   1.9381635243583325E-003
   10.200000000000001        8.3186486041085736E-003   1.8682399494991391E-003
   10.300000000000001        7.8900366768911660E-003   1.8003764727284760E-003
   10.400000000000000        7.4794319033124942E-003   1.7345463428285594E-003
   10.500000000000000        7.0861759316625649E-003   1.6707193132028911E-003
   10.600000000000000        6.7096304351510440E-003   1.6088614874049136E-003
   10.700000000000001        6.3491767777817103E-003   1.5489382224936948E-003
   10.800000000000001        6.0042156647051601E-003   1.4909121982864678E-003
   10.900000000000000        5.6741667722437486E-003   1.4347453534437375E-003
   11.000000000000000        5.3584683633373072E-003   1.3803965209207292E-003
   11.100000000000000        5.0565768847408189E-003   1.3278267488452567E-003
   11.200000000000001        4.7679665679376355E-003   1.2769935596842357E-003
   11.300000000000001        4.4921290118417187E-003   1.2278554367746366E-003
   11.400000000000000        4.2285727632152626E-003   1.1803691748937220E-003
   11.500000000000000        3.9768228923576397E-003   1.1344945249504460E-003
   11.600000000000000        3.7364205780826966E-003   1.0901866749124102E-003
   11.700000000000001        3.5069226735711138E-003   1.0474046334185572E-003
   11.800000000000001        3.2879012890203569E-003   1.0061067679064139E-003
   11.900000000000000        3.0789433727706154E-003   9.6624927556508212E-004
   12.000000000000000        2.8796502872800766E-003   9.2779458535491765E-004
   12.100000000000000        2.6896374114403509E-003   8.9069817350318089E-004
   12.200000000000001        2.5085337144154585E-003   8.5492000953423365E-004
   12.300000000000001        2.3359813567205702E-003   8.2042538636038645E-004
   12.400000000000000        2.1716353147728362E-003   7.8716789331683258E-004
   12.500000000000000        2.0151629609246728E-003   7.5511590011469306E-004
   12.600000000000000        1.8662437060060477E-003   7.2422786394746265E-004
   12.700000000000001        1.7245686098965912E-003   6.9446792959806025E-004
   12.800000000000001        1.5898400149930551E-003   6.6580114121100474E-004
   12.900000000000000        1.4617711972116912E-003   6.3819377886125230E-004
   13.000000000000000        1.3400860089965430E-003   6.1160148307347990E-004
   13.100000000000000        1.2245185105311117E-003   5.8601413867499753E-004
   13.200000000000001        1.1148127134920783E-003   5.6136281806642616E-004
   13.300000000000001        1.0107221263057418E-003   5.3766050067626100E-004
   13.400000000000000        9.1200959332169535E-004   5.1482770060256027E-004
   13.500000000000000        8.1844681562538452E-004   4.9288186955490456E-004
   13.600000000000000        7.2981421229808955E-004   4.7174944258735965E-004
   13.700000000000001        6.4590047289108277E-004   4.5143871226946040E-004
   13.800000000000001        5.6650240768510451E-004   4.3190022895101237E-004
   13.900000000000000        4.9142459724240469E-004   4.1311322989356903E-004
   14.000000000000000        4.2047912604623630E-004   3.9505039939358963E-004
   14.100000000000000        3.5348533076951080E-004   3.7769072419782532E-004
   14.200000000000001        2.9026956426017939E-004   3.6100396425222986E-004
   14.300000000000001        2.3066492423040786E-004   3.4496930652850617E-004
   14.400000000000000        1.7451102342313615E-004   3.2956234313364914E-004
   14.500000000000000        1.2165375760164684E-004   3.1476231240635540E-004
   14.600000000000000        7.1945090215518368E-005   3.0054746845744180E-004
   14.700000000000001        2.5242828968233043E-005   2.8689149707026543E-004
   14.800000000000001       -1.8589600932308141E-005   2.7378535130747456E-004
   14.900000000000000       -5.9683316920331881E-005   2.6119544521031662E-004
   15.000000000000000       -9.8164228739746264E-005   2.4911536901688622E-004
   15.100000000000000       -1.3415318353020067E-004   2.3751729609813613E-004
   15.200000000000001       -1.6776618171922411E-004   2.2638940744950381E-004
   15.300000000000001       -1.9911453609638231E-004   2.1571136122262657E-004
   15.400000000000000       -2.2830505126101634E-004   2.0546867517450890E-004
   15.500000000000000       -2.5544018667306704E-004   1.9564178962933878E-004
   15.600000000000000       -2.8061822893386530E-004   1.8622005705960749E-004
   15.700000000000001       -3.0393342786048184E-004   1.7718398264151164E-004
   15.800000000000001       -3.2547616320894278E-004   1.6852215926746144E-004
   15.900000000000000       -3.4533307927454919E-004   1.6021895000136458E-004
   16.000000000000000       -3.6358723090784765E-004   1.5226070011185272E-004
   16.100000000000001       -3.8031821891803749E-004   1.4463642341657696E-004
   16.199999999999999       -3.9560231306008962E-004   1.3732992710413025E-004
   16.300000000000001       -4.0951259083593969E-004   1.3033368788845372E-004
   16.399999999999999       -4.2211904205810021E-004   1.2363125355551233E-004
   16.500000000000000       -4.3348870444315089E-004   1.1721460015565935E-004
   16.600000000000001       -4.4368576440926237E-004   1.1107179718534497E-004
   16.699999999999999       -4.5277166669875499E-004   1.0519281707408112E-004
   16.800000000000001       -4.6080522620432969E-004   9.9562604869272772E-005
   16.899999999999999       -4.6784273822356279E-004   9.4185255253624464E-005
   17.000000000000000       -4.7393802788986292E-004   8.9029785876158045E-005
   17.100000000000001       -4.7914262904021976E-004   8.4108710807700787E-005
   17.199999999999999       -4.8350579067262331E-004   7.9399081664918497E-005
   17.300000000000001       -4.8707461597291427E-004   7.4896761800263966E-005
   17.400000000000002       -4.8989413615062576E-004   7.0596944681693236E-005
   17.500000000000000       -4.9200737420850059E-004   6.6484731374911774E-005
   17.600000000000001       -4.9345545327407340E-004   6.2559525199915671E-005
   17.699999999999999       -4.9427764546007720E-004   5.8809295566803460E-005
   17.800000000000001       -4.9451145863520609E-004   5.5230699057835725E-005
   17.900000000000002       -4.9419270292202545E-004   5.1809241187559106E-005
   18.000000000000000       -4.9335557448293346E-004   4.8555971738756781E-005
   18.100000000000001       -4.9203266310367136E-004   4.5436635959453153E-005
   18.199999999999999       -4.9025512053132991E-004   4.2476200271075417E-005
   18.300000000000001       -4.8805259847071672E-004   3.9646255919253996E-005
   18.400000000000002       -4.8545339492278252E-004   3.6947668444503488E-005
   18.500000000000000       -4.8248448967387484E-004   3.4384090886884724E-005
   18.600000000000001       -4.7917155581022079E-004   3.1933136855710887E-005
   18.699999999999999       -4.7553908638085215E-004   2.9604701119099328E-005
   18.800000000000001       -4.7161037869320420E-004   2.7391013635402041E-005
   18.900000000000002       -4.6740759962051739E-004   2.5274075362605061E-005
   19.000000000000000       -4.6295188345583601E-004   2.3274940111007597E-005
   19.100000000000001       -4.5826326980374747E-004   2.1364656637568461E-005
   19.199999999999999       -4.5336085693610631E-004   1.9545962670391966E-005
   19.300000000000001       -4.4826280336122596E-004   1.7835917024276157E-005
   19.400000000000002       -4.4298628624252337E-004   1.6188495525840658E-005
   19.500000000000000       -4.3754770957699578E-004   1.4645828967472111E-005
   19.600000000000001       -4.3196257579567284E-004   1.3162458081369471E-005
   19.699999999999999       -4.2624564425646671E-004   1.1782993437086890E-005
   19.800000000000001       -4.2041075789727182E-004   1.0478460163412077E-005
   19.900000000000002       -4.1447114619612635E-004   9.1383710796084893E-006
   20.000000000000000       -4.0843970829410444E-004   8.0637760441548941E-006
   20.100000000000001       -4.0232784076391927E-004   6.8643016415897738E-006
   20.199999999999999       -3.9614702355202064E-004   5.8488264176953728E-006
   20.300000000000001       -3.8990773050435936E-004   4.8258941450911662E-006
   20.400000000000002       -3.8362004757040691E-004   3.8815287766368606E-006
   20.500000000000000       -3.7729343957460345E-004   3.0030278591057925E-006
   20.600000000000001       -3.7093677158917850E-004   2.1423535596985517E-006
   20.699999999999999       -3.6455853026165182E-004   1.3715631632674183E-006
   20.800000000000001       -3.5816656195827460E-004   6.0757929742319532E-007
   20.900000000000002       -3.5176838606138807E-004  -7.7324247369767569E-008
   21.000000000000000       -3.4537095355997887E-004  -7.4431959421010593E-007
   21.100000000000001       -3.3898087514947547E-004  -1.3578519194035660E-006
   21.199999999999999       -3.3260431527076182E-004  -1.9353918018955763E-006
   21.300000000000001       -3.2624704855150781E-004  -2.4764765489258955E-006
   21.400000000000002       -3.1991449118567089E-004  -2.9843140526570770E-006
   21.500000000000000       -3.1361171247174825E-004  -3.4534583888860764E-006
   21.600000000000001       -3.0734341840507303E-004  -3.8926407403747856E-006
   21.699999999999999       -3.0111400837621650E-004  -4.3064013407014476E-006
   21.800000000000001       -2.9492759583691112E-004  -4.6802476276399416E-006
   21.900000000000002       -2.8878795875143630E-004  -5.0378804470749611E-006
   22.000000000000000       -2.8269864122253059E-004  -5.3599645253987512E-006
   22.100000000000001       -2.7666288898634065E-004  -5.6614370809170296E-006
   22.199999999999999       -2.7068371232612649E-004  -5.9396327362756542E-006
   22.300000000000001       -2.6476388693212605E-004  -6.1907917023361593E-006
   22.400000000000002       -2.5890594145492647E-004  -6.4251505348978916E-006
   22.500000000000000       -2.5311221016175247E-004  -6.6371165732976366E-006
   22.600000000000001       -2.4738480923298110E-004  -6.8246018136056510E-006
   22.699999999999999       -2.4172564518198453E-004  -7.0066028370473712E-006
   22.800000000000001       -2.3613648778465855E-004  -7.1529790406726705E-006
   22.900000000000002       -2.3061886220461164E-004  -7.3005713677075173E-006
   23.000000000000000       -2.2517419466548932E-004  -7.4195600431301941E-006
   23.100000000000001       -2.1980370638452891E-004  -7.5287433570370933E-006
   23.199999999999999       -2.1450848368237096E-004  -7.6248138100805564E-006
   23.300000000000001       -2.0928948012054337E-004  -7.7034856009753977E-006
   23.400000000000002       -2.0414749774717058E-004  -7.7739568588919676E-006
   23.500000000000000       -1.9908322985574478E-004  -7.8293761315408567E-006
   23.600000000000001       -1.9409723958299570E-004  -7.8751098210879823E-006
   23.699999999999999       -1.8918997295181943E-004  -7.9043695276858766E-006
   23.800000000000001       -1.8436176103161483E-004  -7.9402386512751641E-006
   23.900000000000002       -1.7961289426128238E-004  -7.9417657904965575E-006
   24.000000000000000       -1.7494346643527476E-004  -7.9560647815428278E-006
   24.100000000000001       -1.7035356885952534E-004  -7.9521252383482236E-006
   24.199999999999999       -1.6584317748318358E-004  -7.9391539095662133E-006
   24.300000000000001       -1.6141217433376007E-004  -7.9241952744314268E-006
   24.400000000000002       -1.5706039352025275E-004  -7.8974665424236827E-006
   24.500000000000000       -1.5278758283916236E-004  -7.8680180059385149E-006
   24.600000000000001       -1.4859343650814599E-004  -7.8290714783200677E-006
   24.699999999999999       -1.4447757954334916E-004  -7.7893158124244273E-006
   24.800000000000001       -1.4043958907086849E-004  -7.7335606617597118E-006
   24.900000000000002       -1.3647895768071806E-004  -7.6918909386804257E-006
   25.000000000000000       -1.3259520181581926E-004  -7.6241907344194222E-006
   25.100000000000001       -1.2878770524717755E-004  -7.5669238779705054E-006
   25.199999999999999       -1.2505586286872458E-004  -7.5006278668647418E-006
   25.300000000000001       -1.2139902082996153E-004  -7.4307684686020554E-006
   25.400000000000002       -1.1781647645135295E-004  -7.3548943514090339E-006
   25.500000000000000       -1.1430749984742865E-004  -7.2903189362550149E-006
   25.600000000000001       -1.1087137286855769E-004  -7.1936049356437737E-006
   25.699999999999999       -1.0750722534741194E-004  -7.1229359562287163E-006
   25.800000000000001       -1.0421430027006676E-004  -7.0481175198538092E-006
   25.900000000000002       -1.0099180980738874E-004  -6.9453627646526834E-006
   26.000000000000000       -9.7838804537789709E-005  -6.8615472688560837E-006
   26.100000000000001       -9.4754433085965291E-005  -6.7887388247607441E-006
   26.199999999999999       -9.1737884043464484E-005  -6.6769430262018213E-006
   26.300000000000001       -8.8788149741846301E-005  -6.5923336000708800E-006
   26.400000000000002       -8.5904308829420935E-005  -6.4897560892042056E-006
   26.500000000000000       -8.3085461030398626E-005  -6.4445100848852558E-006
   26.600000000000001       -8.0330831401887262E-005  -6.2631058778816684E-006
   26.699999999999999       -7.7639117136077578E-005  -6.2522840245381784E-006
   26.800000000000001       -7.5009702673821757E-005  -6.1076401563405455E-006
   26.900000000000002       -7.2441456822989328E-005  -6.0183222041339567E-006
   27.000000000000000       -6.9933388302773408E-005  -5.9254693969751482E-006
   27.100000000000001       -6.7484577801023152E-005  -5.8346112874167580E-006
   27.199999999999999       -6.5094084024964799E-005  -5.7261208684480728E-006
   27.300000000000001       -6.2760882152159144E-005  -5.6360471904603618E-006
   27.400000000000002       -6.0484022839101730E-005  -5.5352262186542821E-006
   27.500000000000000       -5.8262528018217974E-005  -5.4417432390699892E-006
   27.600000000000001       -5.6095436029209352E-005  -5.3394999501925843E-006
   27.699999999999999       -5.3981762256837433E-005  -5.2511869421365647E-006
   27.800000000000001       -5.1920578063577594E-005  -5.1494997485531268E-006
   27.900000000000002       -4.9910898252531833E-005  -5.0534433920972077E-006
   28.000000000000000       -4.7951766384005433E-005  -4.9654921946331999E-006
   28.100000000000001       -4.6042266067306524E-005  -4.8635189259050556E-006
   28.199999999999999       -4.4181421915955918E-005  -4.7741313106887420E-006
   28.300000000000001       -4.2368312914773572E-005  -4.6810459323357807E-006
   28.400000000000002       -4.0602017765090379E-005  -4.5899958594584934E-006
   28.500000000000000       -3.8881613902547540E-005  -4.4937429140064378E-006
   28.600000000000001       -3.7206170215910441E-005  -4.4111380279952781E-006
   28.699999999999999       -3.5574815525765796E-005  -4.3151028694505162E-006
   28.800000000000001       -3.3986632805126431E-005  -4.2316321974047124E-006
   28.900000000000002       -3.2440754945826869E-005  -4.1412851448119835E-006
   29.000000000000000       -3.0936295281541870E-005  -4.0541442320524375E-006
   29.100000000000001       -2.9472385546863849E-005  -3.9720956911973284E-006
   29.199999999999999       -2.8048191512481952E-005  -3.8868931808020320E-006
   29.300000000000001       -2.6662862674800491E-005  -3.7994496058858468E-006
   29.400000000000002       -2.5315547555478339E-005  -3.7235394112394405E-006
   29.500000000000000       -2.4005451285133382E-005  -3.6377021354456102E-006
   29.600000000000001       -2.2731744646100552E-005  -3.5594308342815017E-006
   29.699999999999999       -2.1493628705315418E-005  -3.4789934760194510E-006
   29.800000000000001       -2.0290317111734953E-005  -3.4072035844684575E-006
   29.900000000000002       -1.9121052617974138E-005  -3.3204520778960884E-006
   30.000000000000000       -1.7985026067622133E-005  -3.2537541492084545E-006
   30.100000000000001       -1.6881518855788459E-005  -3.1761344362934956E-006
   30.200000000000003       -1.5809780184222322E-005  -3.1028322661382465E-006
   30.300000000000001       -1.4769076667314779E-005  -3.0336292942880219E-006
   30.400000000000002       -1.3758698161885329E-005  -2.9576574435875300E-006
   30.500000000000000       -1.2777916156139003E-005  -2.8936407412153230E-006
   30.600000000000001       -1.1826058184573211E-005  -2.8222000998920543E-006
   30.700000000000003       -1.0902430072384342E-005  -2.7554744853696467E-006
   30.800000000000001       -1.0006356768058532E-005  -2.6887866764456583E-006
   30.900000000000002       -9.1371775295939993E-006  -2.6258183256329795E-006
   31.000000000000000       -8.2942495185600721E-006  -2.5586764793676272E-006
   31.100000000000001       -7.4769251743489051E-006  -2.5016758505704373E-006
   31.200000000000003       -6.6845997088130920E-006  -2.4339473235624501E-006
   31.300000000000001       -5.9166345113433014E-006  -2.3786956947766924E-006
   31.400000000000002       -5.1724449828904753E-006  -2.3166713075258156E-006
   31.500000000000000       -4.4514308877108938E-006  -2.2598790390512684E-006
   31.600000000000001       -3.7530098665306309E-006  -2.1996569358754895E-006
   31.700000000000003       -3.0766026223935547E-006  -2.1497594433583882E-006
   31.800000000000001       -2.4216840458598338E-006  -2.0945058526900702E-006
   31.900000000000002       -1.7876943374471692E-006  -2.0295380185289203E-006
   32.000000000000000       -1.1740523664163465E-006  -1.9959845022861726E-006
   32.100000000000001       -5.8031544609164165E-007  -1.9295543960100906E-006
   32.200000000000003       -5.9041921942911017E-009  -1.8811977700856897E-006
   32.300000000000004        5.4969480303937634E-007  -1.8330097218567015E-006
   32.399999999999999        1.0869494415593094E-006  -1.7933773707052916E-006
   32.500000000000000        1.6062994326514039E-006  -1.7362692520482416E-006
   32.600000000000001        2.1082771170363823E-006  -1.6849296453711777E-006
   32.700000000000003        2.5933690041954544E-006  -1.6554905020104877E-006
   32.800000000000004        3.0619520914294457E-006  -1.5983883016350484E-006
   32.899999999999999        3.5145230191832744E-006  -1.5582519795277046E-006
   33.000000000000000        3.9515117791200329E-006  -1.5179044705155665E-006
   33.100000000000001        4.3733273235001452E-006  -1.4740594723974799E-006
   33.200000000000003        4.7803929762149905E-006  -1.4357926390545360E-006
   33.300000000000004        5.1731135270015849E-006  -1.3898311283345954E-006
   33.399999999999999        5.5519093040933752E-006  -1.3597470644734810E-006
   33.500000000000000        5.9171338756755475E-006  -1.3139039195585040E-006
   33.600000000000001        6.2691945749189122E-006  -1.2829606605768422E-006
   33.700000000000003        6.6084420292946294E-006  -1.2422003587224092E-006
   33.800000000000004        6.9352538815812274E-006  -1.2095991580048024E-006
   33.899999999999999        7.2499768673415873E-006  -1.1727229249879252E-006
   34.000000000000000        7.5529668429450814E-006  -1.1393152361764224E-006
   34.100000000000001        7.8445614121649051E-006  -1.1072599605084410E-006
   34.200000000000003        8.1250793687492126E-006  -1.0776125030993241E-006
   34.300000000000004        8.3948376652019439E-006  -1.0380861060397835E-006
   34.399999999999999        8.6541838062460402E-006  -1.0173363179115408E-006
   34.500000000000000        8.9033830926512204E-006  -9.8068140567485146E-007
   34.600000000000001        9.1427602770530647E-006  -9.5319926139037653E-007
   34.700000000000003        9.3726003392441584E-006  -9.2879487521380895E-007
   34.800000000000004        9.5931775698258031E-006  -8.8932020342370305E-007
   34.899999999999999        9.8048134119349280E-006  -8.7875739459420853E-007
   35.000000000000000        1.0007705292847687E-005  -8.4202693602817627E-007
   35.100000000000001        1.0202173075705048E-005  -8.0759369453137363E-007
   35.200000000000003        1.0388485198821504E-005  -8.2099413038981795E-007
   35.300000000000004        1.0566808109030027E-005  -7.0195752866847311E-007
   35.399999999999999        1.0737537437280747E-005  -9.2732492961128558E-007
   35.500000000000000        1.0900224112118195E-005  -4.1433480085628628E-007
   35.600000000000001        1.1057037246748762E-005  -9.3945999109282114E-007
   35.700000000000003        1.1205948440425240E-005  -5.6898980722507831E-007
   35.800000000000004        1.1348346925719827E-005  -6.9220580914208874E-007
   35.899999999999999        1.1484121114586546E-005  -6.3676481292097906E-007
   36.000000000000000        1.1613514096386683E-005  -5.8945917912929458E-007
   36.100000000000001        1.1736900494253263E-005  -6.0934883069531985E-007
   36.200000000000003        1.1854290263721366E-005  -5.7112253717653251E-007
   36.300000000000004        1.1965947123345949E-005  -5.4590692670939514E-007
   36.399999999999999        1.2072100623993584E-005  -5.4726514215081560E-007
   36.500000000000000        1.2172841085908252E-005  -5.1285574447228426E-007
   36.600000000000001        1.2268416823698443E-005  -5.0014635464584007E-007
   36.700000000000003        1.2358990011510467E-005  -4.8808882384446013E-007
   36.800000000000004        1.2444700501210259E-005  -4.6511721731570134E-007
   36.899999999999999        1.2525743968315145E-005  -4.5165586383246529E-007
   37.000000000000000        1.2602271149787790E-005  -4.3803070670243233E-007
   37.100000000000001        1.2674430318935603E-005  -4.1702870425741859E-007
   37.200000000000003        1.2742398476471796E-005  -4.0846144323984716E-007
   37.300000000000004        1.2806298446061014E-005  -3.9003829096799778E-007
   37.399999999999999        1.2866282961916512E-005  -3.8065763311734759E-007
   37.500000000000000        1.2922478454151074E-005  -3.6074534912709514E-007
   37.600000000000001        1.2975045080337219E-005  -3.5368059942390026E-007
   37.700000000000003        1.3024092659666304E-005  -3.3596036741376168E-007
   37.800000000000004        1.3069763759060243E-005  -3.2836589200867928E-007
   37.899999999999999        1.3112171501500458E-005  -3.0859023678389664E-007
   38.000000000000000        1.3151457418263330E-005  -3.1036856726355534E-007
   38.100000000000001        1.3187685447071015E-005  -2.8466826727379121E-007
   38.200000000000003        1.3221015795697034E-005  -2.8956647264093885E-007
   38.300000000000004        1.3251521004048967E-005  -2.5215000661338602E-007
   38.400000000000006        1.3279402464770884E-005  -2.7608207891606051E-007
   38.500000000000000        1.3304628335457004E-005  -2.3687569919920738E-007
   38.600000000000001        1.3327400218702193E-005  -2.4880758884633854E-007
   38.700000000000003        1.3347750289356034E-005  -2.2098150022451797E-007
   38.800000000000004        1.3365834912390411E-005  -2.2653498193425370E-007
   38.900000000000006        1.3381692321879568E-005  -2.0920669916989516E-007
   39.000000000000000        1.3395440961841390E-005  -2.0189993778663046E-007
   39.100000000000001        1.3407172919213452E-005  -1.9320310354051096E-007
   39.200000000000003        1.3416961230305074E-005  -1.9147541631527851E-007
   39.300000000000004        1.3424861665526261E-005  -1.7362075345926671E-007
   39.400000000000006        1.3431002115081558E-005  -1.7003296938137689E-007
   39.500000000000000        1.3435432612228124E-005  -1.7221881425396263E-007
   39.600000000000001        1.3438189578693038E-005  -1.4521018259424641E-007
   39.700000000000003        1.3439435800575968E-005  -1.5338720455915244E-007
   39.800000000000004        1.3439173336220629E-005  -1.4645274213049097E-007
   39.900000000000006        1.3437461643696337E-005  -1.3033872829088825E-007
   40.000000000000000        1.3434415713157310E-005  -1.3273515354669746E-007
   40.100000000000001        1.3430054176495059E-005  -1.2808433145722122E-007
   40.200000000000003        1.3424434348783098E-005  -1.0990215044971444E-007
   40.300000000000004        1.3417672650750594E-005  -1.1742925907022469E-007
   40.400000000000006        1.3409765792268848E-005  -1.0747708281452100E-007
   40.500000000000000        1.3400783025793196E-005  -9.8207206015524241E-008
   40.600000000000001        1.3390802563820791E-005  -9.8311391174759336E-008
   40.700000000000003        1.3379851947767009E-005  -9.0639678111375588E-008
   40.800000000000004        1.3367989719644353E-005  -8.6097137704373462E-008
   40.900000000000006        1.3355260109040745E-005  -8.5401259642818755E-008
   41.000000000000000        1.3341696062188946E-005  -7.2959572638937845E-008
   41.100000000000001        1.3327381102067486E-005  -7.3308411597816021E-008
   41.200000000000003        1.3312332894385281E-005  -7.3755317416262986E-008
   41.300000000000004        1.3296570362161886E-005  -6.0265043451260245E-008
   41.400000000000006        1.3280169807999959E-005  -6.7997671898516863E-008
   41.500000000000000        1.3263135528786300E-005  -4.7979299993835055E-008
   41.600000000000001        1.3245577038404853E-005  -5.4611828798726855E-008
   41.700000000000003        1.3227470503962394E-005  -6.2399821418087828E-008
   41.800000000000004        1.3208809037646284E-005  -2.8748009719825460E-008
   41.900000000000006        1.3189737872729035E-005  -6.8427300385826681E-008
   42.000000000000000        1.3170169792189593E-005   4.3078379468205246E-009
   42.100000000000001        1.3150358550528778E-005  -9.4700724224822066E-008
   42.200000000000003        1.3129921652626582E-005  -8.9868587614155986E-010
   42.300000000000004        1.3109264250559354E-005  -3.4007031289773460E-008
   42.400000000000006        1.3088306992980996E-005  -4.2986495642751531E-008
   42.500000000000000        1.3066984524847305E-005  -1.3173319340087587E-008
   42.600000000000001        1.3045452518066878E-005  -3.0043415037087850E-008
   42.700000000000003        1.3023665085003386E-005  -1.9908790350794783E-008
   42.800000000000004        1.3001659451486317E-005  -2.1241695706059336E-008
   42.900000000000006        1.2979446566942971E-005  -1.9475042591311812E-008
   43.000000000000000        1.2957053581052138E-005  -8.9189424213059344E-009
   43.100000000000001        1.2934537311420217E-005  -1.8819432375722828E-008
   43.200000000000003        1.2911861382987141E-005  -1.1598608769114731E-008
   43.300000000000004        1.2889069150983930E-005  -4.5682746283594719E-009
   43.400000000000006        1.2866206016716187E-005  -1.2669651436457906E-008
   43.500000000000000        1.2843242997473293E-005  -4.6841047179793466E-009
   43.600000000000001        1.2820226383432870E-005  -7.5080820764765437E-010
   43.700000000000003        1.2797178545997336E-005  -1.1046699517828726E-008
   43.800000000000004        1.2774063148206675E-005   4.4013932025744785E-009
   43.900000000000006        1.2750962066593528E-005   2.0308332160671888E-009
   44.000000000000000        1.2727868985886404E-005  -7.7241824544862799E-009
   44.100000000000001        1.2704749660068482E-005   1.3118830124528857E-008
   44.200000000000003        1.2681707309896325E-005   1.4342494146227687E-009
   44.300000000000004        1.2658691891900337E-005  -2.6965220810136266E-009
   44.400000000000006        1.2635687268038639E-005   1.5828319483598096E-008
   44.500000000000000        1.2612779728368681E-005  -2.3662408105421131E-009
   44.600000000000001        1.2589908808771259E-005   1.5608687281114327E-008
   44.700000000000003        1.2567154541228852E-005   9.9227246949930432E-009
   44.800000000000004        1.2544504358823661E-005   7.1514962682932779E-009
   44.900000000000006        1.2521926656395949E-005   4.9592767194887628E-009
   45.000000000000000        1.2499449637440450E-005   3.3421480180898483E-008
   45.100000000000001        1.2477131441840408E-005  -4.3351184168306077E-008
   45.200000000000003        1.2454713279130729E-005   8.0002990710523564E-008
   45.300000000000004        1.2432740138365183E-005  -9.6476121943975225E-009
   45.400000000000006        1.2410854295358591E-005   1.0966113439209700E-008
   45.500000000000000        1.2389041528025455E-005   9.6285625110264409E-009
   45.600000000000001        1.2367358988520599E-005   2.8656333484803012E-008
   45.700000000000003        1.2345887054177568E-005   2.1092006455563154E-009
   45.800000000000004        1.2324525953682268E-005   2.9407172571017804E-008
   45.900000000000006        1.2303377534367804E-005   7.8708175723420776E-009
   46.000000000000000        1.2282364460979139E-005   2.0317112617843585E-008
   46.100000000000001        1.2261529816595318E-005   1.7918134863695123E-008
   46.200000000000003        1.2240887843623685E-005   2.3613195239693294E-008
   46.300000000000004        1.2220450930965733E-005   1.0665272386396445E-008
   46.400000000000006        1.2200174784915142E-005   3.0185679631540225E-008
   46.500000000000000        1.2180131021522145E-005   8.0216036432335890E-009
   46.600000000000001        1.2160237676053801E-005   2.7978660587654415E-008
   46.700000000000003        1.2140570831672203E-005   1.5964406053890030E-008
   46.800000000000004        1.2121086529439904E-005   1.7689004776108081E-008
   46.900000000000006        1.2101796042376644E-005   2.9568676265393545E-008
   47.000000000000000        1.2082759406882629E-005   1.6347231708194822E-008
   47.100000000000001        1.2063896318031988E-005   9.1703829275598647E-009
   47.200000000000003        1.2045189201680147E-005   4.0554735860731118E-008
   47.300000000000004        1.2026776695227688E-005   5.3766132593270925E-009
   47.400000000000006        1.2008496946182041E-005   1.7593255188944459E-008
   47.500000000000000        1.1990425008869209E-005   4.8937405673048909E-008
   47.600000000000001        1.1972678089841523E-005  -1.8331906792416830E-008
   47.700000000000003        1.1954965196500742E-005   4.4805633639009712E-008
   47.800000000000004        1.1937587677427841E-005   4.0333932964694950E-008
   47.900000000000006        1.1920492404907987E-005  -3.6793433669420991E-008
   48.000000000000000        1.1903357761730137E-005   8.3217406914765461E-008
   48.100000000000001        1.1886709785726673E-005  -4.0758893574781245E-009
   48.200000000000003        1.1870311242683527E-005   8.2745926705857253E-008
   48.300000000000004        1.1853567748210668E-005  -5.3387867529391813E-007
   48.400000000000006        1.1835122683136676E-005   1.0318264137904039E-006
   48.500000000000000        1.1821677890805893E-005  -5.9326333394295824E-007
   48.600000000000001        1.1806166261271374E-005   1.0112459974028774E-007
   48.700000000000003        1.1790465264879428E-005   7.5144820525562236E-008
   48.800000000000004        1.1775397375662715E-005  -2.1839576702822855E-008
   48.900000000000006        1.1760346094075676E-005   2.2178064090585292E-008
   49.000000000000000        1.1745470204027817E-005   3.8362243847526752E-008
   49.100000000000001        1.1730886824265179E-005  -1.2086834724006707E-010
   49.200000000000003        1.1716398533802436E-005   1.9174809478472338E-008
   49.300000000000004        1.1702112352964225E-005   4.4687405152129991E-008
   49.400000000000006        1.1688147157890227E-005  -5.3329715589148809E-009
   49.500000000000000        1.1674278196577288E-005   3.4384737718146454E-008
   49.600000000000001        1.1660657118657172E-005   1.6524056380803895E-008
   49.700000000000003        1.1647230530936848E-005   1.6213156633788784E-008
   49.800000000000004        1.1633981414163262E-005   2.5105885127006184E-008
   49.900000000000006        1.1620956551983483E-005   1.7916059142418120E-008
   50.000000000000000        1.1608120757975747E-005   1.6670781528409421E-008
   50.100000000000001        1.1595468288496545E-005   2.5395531865293913E-008
   50.200000000000003        1.1583039061431526E-005   1.5692539519613985E-008
   50.300000000000004        1.1570780220736261E-005   1.4066131908631367E-008
   50.400000000000006        1.1558690659007001E-005   2.9610312449258753E-008
   50.500000000000000        1.1546833460224174E-005   6.9103861536245890E-009
   50.600000000000001        1.1535114962767434E-005   2.5968938588590499E-008
   50.700000000000003        1.1523601746383609E-005   1.2382503241351131E-008
   50.800000000000004        1.1512259275737711E-005   2.6948491202289714E-008
   50.900000000000006        1.1501125136527385E-005   4.8223932925177152E-009
   51.000000000000000        1.1490109529789872E-005   2.4881419314999371E-008
   51.100000000000001        1.1479288051385112E-005   1.2128929099737879E-008
   51.200000000000003        1.1468632494133956E-005   2.6155556448116319E-008
   51.300000000000004        1.1458182992790476E-005   6.8823897135936820E-009
   51.400000000000006        1.1447862261047133E-005   2.3576644780279415E-008
   51.500000000000000        1.1437712452165410E-005   1.3647481360362049E-009
   51.600000000000001        1.1427697074421081E-005   5.1623045112984053E-008
   51.700000000000003        1.1418009119067561E-005  -1.1403494102764886E-008
   51.800000000000004        1.1408366528125933E-005   2.1209578433037009E-008
   51.900000000000006        1.1398862110487519E-005   9.4691622993725991E-009
   52.000000000000000        1.1389504653032681E-005   2.9089882514207914E-008
   52.100000000000001        1.1380367848815828E-005   6.5632504355739331E-009
   52.200000000000003        1.1371336442021764E-005   7.8955694169435872E-009
   52.300000000000004        1.1362416398754106E-005   2.8672587740013255E-008
   52.400000000000006        1.1353710582570342E-005   5.9503299594081939E-009
   52.500000000000000        1.1345120294572864E-005   1.6843004193622846E-008
   52.600000000000001        1.1336681323824227E-005   1.7468002571221720E-008
   52.700000000000003        1.1328401004652075E-005   8.4759314125897408E-009
   52.800000000000004        1.1320231680061878E-005   1.5225020950856008E-008
   52.900000000000006        1.1312212407680902E-005   2.0655310317371881E-008
   53.000000000000000        1.1304350454693630E-005  -3.4546259989323874E-009
   53.100000000000001        1.1296551444582355E-005   3.0928919276937292E-008
   53.200000000000003        1.1288966842350324E-005   8.3836764379566203E-009
   53.300000000000004        1.1281505755569077E-005   9.6456454412663222E-009
   53.400000000000006        1.1274138856829995E-005   9.5465670960897224E-009
   53.500000000000000        1.1266886098831557E-005   2.0652530561083295E-008
   53.600000000000001        1.1259782676929645E-005  -2.5550314251437384E-009
   53.700000000000003        1.1252747078361441E-005   3.0261595363891842E-008
   53.800000000000004        1.1245911215344769E-005   1.3499808897633905E-009
   53.900000000000006        1.1239152715792217E-005   1.0756559548167556E-008
   54.000000000000000        1.1232495312772411E-005   1.6281700565131657E-008
   54.100000000000001        1.1225977743648193E-005   8.0169755446616935E-009
   54.200000000000003        1.1219554383662619E-005   8.1758804425634302E-009
   54.300000000000004        1.1213225487569589E-005   1.5957838211586492E-008
   54.400000000000006        1.1207034983712492E-005   1.1028108270457459E-008
   54.500000000000000        1.1200947957997297E-005   2.0166138480795825E-009
   54.600000000000001        1.1194924680218806E-005   1.9154198359494158E-008
   54.700000000000003        1.1189050614352857E-005   1.0893740238986218E-008
   54.800000000000004        1.1183322947834618E-005   2.5110449311107041E-008
   54.900000000000006        1.1177675126953306E-005  -6.3428155327653385E-008
   55.000000000000000        1.1171810468040790E-005   9.8499353277012144E-008
   55.100000000000001        1.1166452240309921E-005  -2.6710548792180842E-008
   55.200000000000003        1.1161106428055337E-005   1.5792127663073601E-008
   55.300000000000004        1.1155814229110821E-005  -4.2899758199269328E-009
   55.400000000000006        1.1150557353944852E-005   2.2562042745511572E-008
   55.500000000000000        1.1145435695325097E-005  -4.8282674342406298E-009
   55.600000000000001        1.1140353188083629E-005   2.0241853964291434E-008
   55.700000000000003        1.1135407357707092E-005   5.8669705349285147E-009
   55.800000000000004        1.1130538703335011E-005   2.5958665699984071E-009
   55.900000000000006        1.1125715511639330E-005   1.1027169025469825E-008
   56.000000000000000        1.1120996810617112E-005   1.5989861404940890E-008
   56.100000000000001        1.1116388128312503E-005  -8.9753840792553237E-009
   56.200000000000003        1.1111782079993527E-005   2.1492066292180309E-008
   56.300000000000004        1.1107309686326402E-005   3.1999100205252287E-009
   56.400000000000006        1.1102899015385458E-005   2.7419293347631669E-009
   56.500000000000000        1.1098541610499396E-005   1.7792005569252625E-008
   56.600000000000001        1.1094301600579183E-005  -3.4729721020531724E-009
   56.700000000000003        1.1090081391443561E-005   7.9803535936793107E-009
   56.800000000000004        1.1085933168912019E-005   1.4743520174953455E-008
   56.900000000000006        1.1081891253882451E-005  -3.1699331090460581E-009
   57.000000000000000        1.1077867372188995E-005   8.7562139285597948E-009
   57.100000000000001        1.1073919280363389E-005   1.3618998104475278E-008
   57.200000000000003        1.1070069294703619E-005  -4.3685068441989833E-009
   57.300000000000004        1.1066228581937075E-005   9.4187652077052811E-009
   57.400000000000006        1.1062462250191409E-005   1.1322058539682010E-008
   57.500000000000000        1.1058779722039627E-005  -4.4248430359135438E-009
   57.600000000000001        1.1055118899720177E-005   1.9400813003402038E-008
   57.700000000000003        1.1051549441985983E-005  -1.8359657823870084E-008
   57.800000000000004        1.1047955529925179E-005   3.9365222326105349E-008
   57.900000000000006        1.1044551055277323E-005  -2.5438783712157450E-008
   58.000000000000000        1.1041171165505990E-005   7.7140838436473692E-008
   58.100000000000001        1.1038093928585885E-005  -1.0153285929679454E-007
   58.200000000000003        1.1034535740298795E-005   4.0419778559242726E-008
   58.300000000000004        1.1031116983205010E-005   2.3512461043577172E-008
   58.400000000000006        1.1027931364669923E-005   5.4135124847398865E-009
   58.500000000000000        1.1024801115309342E-005  -1.1945006278981479E-008
   58.600000000000001        1.1021626259039009E-005   1.5602366779767719E-008
   58.700000000000003        1.1018544204405994E-005   5.2165215514779445E-009
   58.800000000000004        1.1015519040021761E-005  -2.3343037167640232E-009
   58.900000000000006        1.1012503239868745E-005   9.7392320451424868E-009
   59.000000000000000        1.1009550078875683E-005   9.6087150924610316E-010
   59.100000000000001        1.1006628814449970E-005   5.5552223274611412E-009
   59.200000000000003        1.1003750859427519E-005   2.8038811374030923E-009
   59.300000000000004        1.1000896745450098E-005  -2.4661198588525718E-009
   59.400000000000006        1.0998064920847295E-005   2.0434223069293606E-008
   59.500000000000000        1.0995344481117243E-005  -1.2439848768094725E-008
   59.600000000000001        1.0992600896563643E-005   1.5438277874275186E-008
   59.700000000000003        1.0989930522530168E-005  -5.3869506539759368E-009
   59.800000000000004        1.0987256898859904E-005   4.1597426679584348E-009
   59.900000000000006        1.0984609007793097E-005   4.1875420570644231E-009
   60.000000000000000        1.0982011442661005E-005   9.2856499320125949E-009
   60.100000000000001        1.0979471044182207E-005  -7.0301498082750839E-009
   60.200000000000003        1.0976924458490027E-005   1.5122621272080834E-008
   60.300000000000004        1.0974458772438748E-005  -4.9205507398399264E-009
   60.400000000000006        1.0971982650502410E-005  -1.7019493484130493E-009
   60.500000000000000        1.0969515683221912E-005   1.7221141637766070E-008
   60.600000000000001        1.0967146775136866E-005  -8.3470999307975164E-009
   60.700000000000003        1.0964744811487756E-005  -3.6660803539686007E-009
   60.800000000000004        1.0962333542089740E-005   1.7427972003541699E-008
   60.900000000000006        1.0960049800194689E-005   1.0470694119056784E-008
   61.000000000000000        1.0957775164165279E-005  -5.3847229095849311E-008
   61.100000000000001        1.0955361922733815E-005   1.2175498103260236E-007
   61.200000000000003        1.0953313625059232E-005  -2.1420644090639364E-007
   61.300000000000004        1.0950467419733859E-005   2.5632619211948805E-007
   61.400000000000006        1.0948713502536218E-005  -1.5572545093314387E-007
   61.500000000000000        1.0946443922212066E-005   5.7177735707311020E-008
   61.600000000000001        1.0944292814375488E-005  -1.9019993523260861E-009
   61.700000000000003        1.0942182116634239E-005  -2.5323681100510256E-008
   61.800000000000004        1.0939950458572941E-005   3.0620531725551402E-008
   61.900000000000006        1.0937876637396335E-005  -2.4563149872682607E-009
   62.000000000000000        1.0935815801156359E-005  -1.3004309798021139E-008
   62.100000000000001        1.0933687587476326E-005   1.4047090144570816E-008
   62.200000000000003        1.0931633355454009E-005   1.2049438502040704E-009
   62.300000000000004        1.0929604741848474E-005  -3.4958154766324656E-009
   62.400000000000006        1.0927561995890956E-005   4.2989068666068620E-009
   62.500000000000000        1.0925547514414314E-005   3.2588765356518045E-009
   62.600000000000001        1.0923555446066065E-005  -3.8865359737542892E-009
   62.700000000000003        1.0921561766517884E-005   1.1320547400683579E-008
   62.800000000000004        1.0919618733002721E-005  -1.1008033817992071E-008
   62.900000000000006        1.0917638604035303E-005   1.0454316517764894E-008
   63.000000000000000        1.0915709549862865E-005  -1.6435526476672234E-010
   63.100000000000001        1.0913792154885724E-005  -2.8013782803879761E-009
   63.200000000000003        1.0911866167332485E-005   6.2143227273539866E-009
   63.300000000000004        1.0909974858397818E-005  -1.2487414859091648E-009
   63.400000000000006        1.0908082511131392E-005  -1.8423558390155888E-009
   63.500000000000000        1.0906187606579987E-005   7.0837938544878845E-009
   63.600000000000001        1.0904342790653384E-005   3.5603553020910390E-009
   63.700000000000003        1.0902505070186895E-005  -1.7067938994311328E-008
   63.800000000000004        1.0900600083489046E-005   2.4351661859589846E-008
   63.900000000000006        1.0898808236136623E-005  -1.2455101189155595E-008
   64.000000000000000        1.0896988178284216E-005   8.5424429072448980E-009
   64.100000000000009        1.0895185010330411E-005  -1.1580731278616073E-008
   64.200000000000003        1.0893355714011124E-005   2.2103462917404082E-008
   64.299999999999997        1.0891505627776325E-005  -8.9307069697749378E-008
   64.400000000000006        1.0889358545302460E-005   1.5692707243411083E-007
   64.500000000000000        1.0887958712300727E-005  -9.0051536759936271E-008
   64.600000000000009        1.0886218285361575E-005  -1.0772878456036308E-009
   64.700000000000003        1.0884351744170221E-005   1.8692136821374466E-008
   64.799999999999997        1.0882598351462367E-005  -5.8021693403856266E-009
   64.900000000000006        1.0880862714763779E-005   1.5170146100516169E-008
   65.000000000000000        1.0879181421342845E-005  -2.2272448469748051E-008
   65.100000000000009        1.0877402156336804E-005   1.5136696714286587E-008
   65.200000000000003        1.0875670999487535E-005  -9.4094443239325431E-009
   65.299999999999997        1.0873915278638769E-005   7.7626808829698076E-009
   65.400000000000006        1.0872193642454573E-005  -1.1904804659547826E-009
   65.500000000000000        1.0870478139490358E-005   6.7917296951286914E-010
   65.600000000000009        1.0868761325089287E-005  -2.3130735259093044E-009
   65.700000000000003        1.0867036758795292E-005   3.9219853799709826E-009
   65.799999999999997        1.0865336985988237E-005   1.5012241701639429E-009
   65.900000000000006        1.0863643739072741E-005  -6.0113471252167059E-009
   66.000000000000000        1.0861924146113618E-005   6.7365381538966653E-009
   66.100000000000009        1.0860230641660822E-005  -5.2817016933590175E-009
   66.200000000000003        1.0858528225343847E-005   9.0431501113339479E-009
   66.299999999999997        1.0856865880059994E-005  -6.8482788784301736E-009
   66.400000000000006        1.0855170966566506E-005  -1.1909603780372065E-009
   66.500000000000000        1.0853475612825007E-005   1.1347971583238159E-008
   66.600000000000009        1.0851832179350406E-005  -1.3048765815561613E-008
   66.700000000000003        1.0850128260186244E-005   4.5556779417736155E-009
   66.799999999999997        1.0848438762193394E-005   3.4787568357304838E-009
   66.900000000000006        1.0846775407626873E-005  -2.7846494865733219E-009
   67.000000000000000        1.0845088942600877E-005  -6.2064345750305538E-009
   67.100000000000009        1.0843390724795735E-005   2.0558720299192725E-008
   67.200000000000003        1.0841786439834467E-005  -1.9668740297382828E-008
   67.299999999999997        1.0840085167589404E-005  -7.6129386404344476E-011
   67.400000000000006        1.0838344933517264E-005  -3.4038384035888894E-009
   67.500000000000000        1.0836637911719656E-005   3.3618847720096721E-008
   67.600000000000009        1.0835099734894221E-005  -2.9764569172712523E-008
   67.700000000000003        1.0833449040209197E-005   1.7928713217132634E-008
   67.799999999999997        1.0831817861994504E-005  -3.0240401497602068E-008
   67.900000000000006        1.0830062798941350E-005   2.8701989697322694E-008
   68.000000000000000        1.0828415194161172E-005  -2.0092593506351610E-008
   68.100000000000009        1.0826709135642086E-005   1.6596140983625887E-008
   68.200000000000003        1.0825073428554377E-005  -4.0811116026851733E-009
   68.299999999999997        1.0823432274138755E-005  -3.5400913199802428E-009
   68.400000000000006        1.0821753054952321E-005  -4.5973856048703793E-009
   68.500000000000000        1.0820065685348812E-005   1.7039383494369113E-008
   68.600000000000009        1.0818454362999819E-005  -1.7931795662944027E-008
   68.700000000000003        1.0816771155889016E-005   1.1556942071345190E-008
   68.799999999999997        1.0815120231168392E-005  -8.9265385150638387E-009
   68.900000000000006        1.0813436452138925E-005   4.4366266835115338E-009
   69.000000000000000        1.0811759541321621E-005  -4.6990409218067774E-009
   69.100000000000009        1.0810074178796935E-005   9.2885125746305259E-009
   69.200000000000003        1.0808430388528629E-005  -7.5116555481180217E-009
   69.299999999999997        1.0806755972854646E-005   2.3828662113027031E-009
   69.400000000000006        1.0805089809989734E-005   2.9318761453421584E-009
   69.500000000000000        1.0803431627644518E-005  -9.3220589752484694E-009
   69.600000000000009        1.0801735515799181E-005   1.1598659683628083E-008
   69.700000000000003        1.0800085748746057E-005  -9.2657044318904349E-009
   69.799999999999997        1.0798395717299315E-005   1.3055218734756728E-009
   69.900000000000006        1.0796712346950180E-005   8.0402755015144962E-009
   70.000000000000000        1.0795081159689992E-005  -2.1567705104492635E-009
   71.000000000000000        1.0778164948213002E-005   3.1483432213500171E-010
   72.000000000000000        1.0761039822595326E-005  -3.5605162221045346E-010
   73.000000000000000        1.0743683781412543E-005  -2.7612122393239252E-010
   74.000000000000000        1.0726032853743215E-005  -3.0878240133086762E-010
   75.000000000000000        1.0708080591957746E-005  -2.9675386758834893E-010
   76.000000000000000        1.0689819209304632E-005  -3.5892733418277408E-010
   77.000000000000000        1.0671221595347301E-005  -2.8492462098521304E-010
   78.000000000000000        1.0652321460727721E-005  -3.1649815537519444E-010
   79.000000000000000        1.0633115188944749E-005  -2.8590573786198301E-010
   80.000000000000000        1.0613613405453750E-005  -3.1294914133599537E-010
   81.000000000000000        1.0593807585779805E-005  -2.8651479447535411E-010
   82.000000000000000        1.0573710948903746E-005  -2.8589489344521495E-010
   83.000000000000000        1.0553329644149947E-005  -2.7791289817742076E-010
   84.000000000000000        1.0532670983598266E-005  -2.6658830114278836E-010
   85.000000000000000        1.0511741194395683E-005  -2.8250580266689512E-010
   86.000000000000000        1.0490541292400686E-005  -2.2406524267083636E-010
   87.000000000000000        1.0469097732476420E-005  -2.8318080226204625E-010
   88.000000000000000        1.0447388138338388E-005  -2.3941683087553436E-010
   89.000000000000000        1.0425431669185364E-005  -2.4040196418761050E-010
   90.000000000000000        1.0403231289773419E-005  -2.6243686590435979E-010
   91.000000000000000        1.0380780761693166E-005  -2.1074258204272752E-010
   92.000000000000000        1.0358097163372930E-005  -2.9301424582005713E-010
   93.000000000000000        1.0335156668532114E-005  -1.5857955815599706E-010
   94.000000000000000        1.0312014397765749E-005  -2.8332307485173533E-010
   95.000000000000000        1.0288620432536598E-005  -2.1829491915244200E-010
   96.000000000000000        1.0264994253142233E-005  -2.3678223982484992E-010
   97.000000000000000        1.0241136964769634E-005  -2.2122999095407441E-010
   98.000000000000000        1.0217055098882585E-005  -2.2576288305268605E-010
   99.000000000000000        1.0192750976384213E-005  -2.0925814477836359E-010
   100.00000000000000        1.0168237167626682E-005  -1.9532209278432774E-010
   101.00000000000000        1.0143500479570294E-005  -3.4672927722660030E-010
   102.00000000000000        1.0118481179614029E-005  -1.1343219757221523E-010
   103.00000000000000        1.0093280806283380E-005  -2.8598217878458927E-010
   104.00000000000000        1.0067843531753159E-005  -1.6404628472851034E-010
   105.00000000000000        1.0042206285150801E-005  -2.5766511512113357E-010
   106.00000000000000        1.0016338269249954E-005  -1.8990904571613451E-010
   107.00000000000000        9.9902588754479465E-006  -2.5096610898281973E-010
   108.00000000000000        9.9639473571274236E-006  -1.9897362944323396E-010
   109.00000000000000        9.9374232990488076E-006  -2.2837792180274544E-010
   110.00000000000000        9.9106804041951813E-006  -2.0053533340767798E-010
   111.00000000000000        9.8837271511002733E-006  -2.3163019225660806E-010
   112.00000000000000        9.8565481221427804E-006  -2.2759907307539828E-010
   113.00000000000000        9.8291474242504233E-006  -1.8798712462685575E-010
   114.00000000000000        9.8015467522043614E-006  -2.2029735064627067E-010
   115.00000000000000        9.7737299054136262E-006  -2.2787194082774053E-010
   116.00000000000000        9.7456905160369303E-006  -2.0347040180703513E-010
   117.00000000000000        9.7174395020092054E-006  -2.2799435811769366E-010
   118.00000000000000        9.6889867879529124E-006  -9.4752337130986733E-011
   119.00000000000000        9.6603611328995540E-006  -4.3064227575113725E-010
   120.00000000000000        9.6314222290738154E-006  -6.2171194145258662E-011
   121.00000000000000        9.6023313462704698E-006  -2.3254681330970976E-010
   122.00000000000000        9.5730359588542258E-006  -2.3466923000676531E-010
   123.00000000000000        9.5435123732879235E-006  -1.9796516701280817E-010
   124.00000000000000        9.5137902755103491E-006  -1.6454336957497948E-010
   125.00000000000000        9.4838925232174207E-006  -1.9778844681071351E-010
   126.00000000000000        9.4537910468463730E-006  -2.6664731189783989E-010
   127.00000000000000        9.4234420101549359E-006  -2.2098422793512309E-010
   128.00000000000000        9.3928695609349245E-006  -1.8989094780691984E-010
   129.00000000000000        9.3621081320798430E-006  -1.5332979125782648E-010
   130.00000000000000        9.3311733612281144E-006  -2.3684186704441562E-010
   131.00000000000000        9.3000219501288033E-006  -1.9914422605928281E-010
   132.00000000000000        9.2686729872993840E-006  -1.5189160936781348E-010
   133.00000000000000        9.2371431728363912E-006  -2.7839913791082026E-010
   134.00000000000000        9.2053772572725074E-006  -1.5111844433454609E-010
   135.00000000000000        9.1734279324670940E-006  -2.1758253392868888E-010
   136.00000000000000        9.1412747411586914E-006  -2.0175043788584456E-010
   137.00000000000000        9.1089250938616727E-006  -1.5415164622492528E-010
   138.00000000000000        9.0763919191562683E-006  -2.8280742752794402E-010
   139.00000000000000        9.0436328457105833E-006  -7.0011085347431611E-011
   140.00000000000000        9.0107250380258925E-006  -3.2955366511698604E-010
   141.00000000000000        8.9775709857890361E-006  -8.9241567178128485E-011
   142.00000000000000        8.9442625110136704E-006  -2.4001529722634405E-010
   143.00000000000000        8.9107454264130780E-006  -2.0235619527686991E-010
   144.00000000000000        8.8770332670650229E-006  -1.2100840644223043E-010
   145.00000000000000        8.8431616598187135E-006  -2.7029756847986141E-010
   146.00000000000000        8.8090664290793358E-006  -1.3954227804815902E-010
   147.00000000000000        8.7747922700894039E-006  -2.4510282265313943E-010
   148.00000000000000        8.7403119874404745E-006  -1.1678838532397047E-010
   149.00000000000000        8.7056639713133846E-006  -2.9414450501360659E-010
   150.00000000000000        8.6708299684360326E-006   1.7744590380527391E-010
   151.00000000000000        8.6359476410529151E-006  -7.0558614480018649E-010
   152.00000000000000        8.6006351379598333E-006   6.3844415609753273E-011
   153.00000000000000        8.5652156644989835E-006  -1.9161372424702661E-010
   154.00000000000000        8.5296542866293728E-006  -1.4881597118716400E-010
   155.00000000000000        8.4939227251654063E-006  -2.3422395713897293E-010
   156.00000000000000        8.4579797998507068E-006  -1.8247130465522136E-010
   157.00000000000000        8.4218615922823349E-006  -8.7584346274037762E-011
   158.00000000000000        8.3855967448959786E-006  -3.4703021815549015E-010
   159.00000000000000        8.3490826814791178E-006  -1.9590964130658665E-011
   160.00000000000000        8.3124543117117495E-006  -2.6044402836717038E-010
   161.00000000000000        8.2756225359145264E-006  -1.5906910152959964E-010
   162.00000000000000        8.2386183472617518E-006  -1.3775669882311442E-010
   163.00000000000000        8.2014620327258959E-006  -2.0265940166564422E-010
   164.00000000000000        8.1641068275203101E-006  -2.4494971289373914E-010
   165.00000000000000        8.1265545459391842E-006   0.0000000000000000     
